0.000000000000000000e+00 0.000000000000000000e+00 2.505463280614575808e-02
0.000000000000000000e+00 0.000000000000000000e+00 0.000000000000000000e+00
0.000000000000000000e+00 4.000000000000000083e-03 8.000000000000000654e-05
0.000000000000000000e+00 8.000000000000000167e-03 1.600000000000000131e-04
0.000000000000000000e+00 1.200000000000000025e-02 2.399999999999999790e-04
0.000000000000000000e+00 1.600000000000000033e-02 3.200000000000000262e-04
0.000000000000000000e+00 2.000000000000000042e-02 -0.000000000000000000e+00
4.653477576164447363e-03 1.945109627882538397e-02 -1.868686868686868577e-03
9.051524036532965917e-03 1.783451464481346574e-02 -3.737373737373737154e-03
1.295272897430603878e-02 1.523898986541341767e-02 -5.606060606060605730e-03
1.614295379874282690e-02 1.180699126160659855e-02 -7.474747474747474307e-03
1.844708588209162739e-02 7.726902513862575657e-03 -9.343434343434342884e-03
1.973865055688964545e-02 3.222681211817283141e-03 -1.121212121212121146e-02
1.994675335752344944e-02 -1.458434261160608102e-03 -1.308080808080807830e-02
1.905997144382755998e-02 -6.059495734834542853e-03 -1.494949494949494861e-02
1.712698060503178160e-02 -1.032794923277923632e-02 -1.681818181818181893e-02
1.425388342757726023e-02 -1.402949775412642118e-02 -1.868686868686868577e-02
1.059838528466410662e-02 -1.696096192312851469e-02 -2.055555555555555261e-02
6.361137829631501733e-03 -1.896143258069998838e-02 -2.242424242424242292e-02
1.774725152039967422e-03 -1.992110314803667570e-02 -2.429292929292928976e-02
-2.909102849553259120e-03 -1.978729695058729227e-02 -2.616161616161615661e-02
-7.433249113206546847e-03 -1.856735866032145285e-02 -2.803030303030303039e-02
-1.154938156699412619e-02 -1.632825114395219934e-02 -2.989898989898989723e-02
-1.503156416884284668e-02 -1.319287984626403912e-02 -3.176767676767676407e-02
-1.768865861995628369e-02 -9.333346464513477339e-03 -3.363636363636363785e-02
-1.937481601716157034e-02 -4.961502222224584667e-03 -3.550505050505050469e-02
-1.999748255347750039e-02 -3.173192766961699255e-04 -3.737373737373737154e-02
-1.952247983102060533e-02 4.344281442010141346e-03 -3.924242424242423838e-02
-1.797588092598334866e-02 8.767422935781532534e-03 -4.111111111111110522e-02
-1.544257922777967328e-02 1.270931732209672031e-02 -4.297979797979797900e-02
-1.206162860930979665e-02 1.595359255124310233e-02 -4.484848484848484584e-02
-8.018610708132282647e-03 1.832216914864138665e-02 -4.671717171717171269e-02
-3.535448281320326038e-03 1.968503506347167240e-02 -4.858585858585857953e-02
1.141776217255343435e-03 1.996738207852271491e-02 -5.045454545454544637e-02
5.756328194390999617e-03 1.915371206107210900e-02 -5.232323232323231321e-02
1.005491317490631205e-02 1.728868766115853814e-02 -5.419191919191919393e-02
1.380158022964223484e-02 1.447468076210140821e-02 -5.606060606060606077e-02
1.679067340976409320e-02 1.086615324973107082e-02 -5.792929292929292762e-02
1.885812027832122970e-02 6.661178541997629307e-03 -5.979797979797979446e-02
1.989043790736546788e-02 2.090569265353087181e-03 -6.166666666666666130e-02
1.983096199809514584e-02 -2.594792136204014492e-03 -6.353535353535352814e-02
1.868295720530214338e-02 -7.137724431837414590e-03 -6.540404040404039498e-02
1.650943793925548422e-02 -1.128886437733537564e-02 -6.727272727272727570e-02
1.342970948127297434e-02 -1.482035435637781180e-02 -6.914141414141412867e-02
9.612819272433960685e-03 -1.753834956988605323e-02 -7.101010101010100939e-02
5.268277836633135196e-03 -1.929365824917711469e-02 -7.287878787878787623e-02
6.345586699613757833e-04 -1.998993084766370262e-02 -7.474747474747474307e-02
-4.033991658234960254e-03 -1.958894870331970642e-02 -7.661616161616160992e-02
-8.481114683192007841e-03 -1.811272187526062963e-02 -7.848484848484847676e-02
-1.246270616721781299e-02 -1.564228100340839256e-02 -8.035353535353534360e-02
-1.576021507213441752e-02 -1.231322950651319442e-02 -8.222222222222221044e-02
-1.819263990709035772e-02 -8.308300260037747645e-03 -8.409090909090907728e-02
-1.962646396774712226e-02 -3.847325320625222950e-03 -8.595959595959595800e-02
-1.998298411786428308e-02 8.248307372933186580e-04 -8.782828282828282485e-02
-1.924263083373454683e-02 5.451711529107944668e-03 -8.969696969696969169e-02
-1.744604238262219276e-02 9.779345846412745499e-03 -9.156565656565655853e-02
-1.469183417315067693e-02 1.357018823114262973e-02 -9.343434343434342537e-02
-1.113118571882691123e-02 1.661615793416106740e-02 -9.530303030303029221e-02
-6.959542338288127530e-03 1.875006054501091729e-02 -9.717171717171715906e-02
-2.405887089033478723e-03 1.985476535532016903e-02 -9.904040404040403978e-02
2.279828197810780145e-03 1.986963470697101011e-02 -1.009090909090908927e-01
6.840402866513357362e-03 1.879385241571817494e-02 -1.027777777777777735e-01
1.102550527643963302e-02 1.668646857184592422e-02 -1.046464646464646264e-01
1.460541359895912994e-02 1.366315825873870571e-02 -1.065151515151515071e-01
1.738362533410231850e-02 9.889872104509546055e-03 -1.083838383838383879e-01
1.920764340590607952e-02 5.573727190269781376e-03 -1.102525252525252408e-01
1.997734678366016106e-02 9.516383164748623601e-04 -1.121212121212121215e-01
1.965048616253955299e-02 -3.722686338632562753e-03 -1.139898989898989745e-01
1.824500304366811695e-02 -8.192671355335889513e-03 -1.158585858585858552e-01
1.583804491844553047e-02 -1.221295759270872930e-02 -1.177272727272727082e-01
1.256173061403637221e-02 -1.556287004316303339e-02 -1.195959595959595889e-01
8.595898241783445082e-03 -1.805853076573241817e-02 -1.214646464646464558e-01
4.158233816355222032e-03 -1.956295201467610559e-02 -1.233333333333333226e-01
-5.076776106041866769e-04 -1.999355554781818284e-02 -1.252020202020202033e-01
-5.145722424601793105e-03 -1.932670537698938026e-02 -1.270707070707070563e-01
-9.501316619899873722e-03 -1.759900515621307809e-02 -1.289393939393939370e-01
-1.333538001032579662e-02 -1.490528899351512698e-02 -1.308080808080807900e-01
-1.643745942965722101e-02 -1.139341597144477407e-02 -1.326767676767676707e-01
-1.863728058422903927e-02 -7.256154107012838597e-03 -1.345454545454545514e-01
-1.981409447227498732e-02 -2.720599243505323738e-03 -1.364141414141414044e-01
-1.990330534156723244e-02 1.964290324860680937e-03 -1.382828282828282573e-01
-1.890001637429337272e-02 6.541359266348422546e-03 -1.401515151515151381e-01
-1.685929847520844724e-02 1.075937056355222472e-02 -1.420202020202020188e-01
-1.389316740917998470e-02 1.438679600677298699e-02 -1.438888888888888717e-01
-1.016443521417138666e-02 1.722452486360400922e-02 -1.457575757575757525e-01
-5.877773387893143152e-03 1.911679314112529546e-02 -1.476262626262626054e-01
-1.268478393131335612e-03 1.995973352943768500e-02 -1.494949494949494861e-01
3.410443852652410030e-03 1.970707671695387173e-02 -1.513636363636363391e-01
7.902165566278422648e-03 1.837269113012907421e-02 -1.532323232323232198e-01
1.196013447143755293e-02 1.602982169037232840e-02 -1.551010101010101006e-01
1.536160714488460192e-02 1.280706937305449260e-02 -1.569696969696969535e-01
1.791987548582671397e-02 8.881332252115490405e-03 -1.588383838383838342e-01
1.949451519305318153e-02 4.468095498959113662e-03 -1.607070707070706872e-01
1.999909370708345679e-02 -1.903966787914825065e-04 -1.625757575757575679e-01
1.940591452551994681e-02 -4.838437911993285698e-03 -1.644444444444444209e-01
1.774753747437096685e-02 -9.220895487738607968e-03 -1.663131313131313016e-01
1.511499148708519459e-02 -1.309721467890566891e-02 -1.681818181818181546e-01
1.165277799252105451e-02 -1.625462288264532471e-02 -1.700505050505050353e-01
7.550939177745207877e-03 -1.851980878772760408e-02 -1.719191919191919160e-01
3.034626501666666878e-03 -1.976843549690724539e-02 -1.737878787878787690e-01
-1.648257952325867231e-03 -1.993196542548161809e-02 -1.756565656565656497e-01
-6.240668913969669475e-03 -1.900142235481893163e-02 -1.775252525252525027e-01
-1.049052723666386508e-02 -1.702788414033915010e-02 -1.793939393939393834e-01
-1.416455661562915185e-02 -1.411967902902316191e-02 -1.812626262626262363e-01
-1.706108821108370463e-02 -1.043643948162497823e-02 -1.831313131313131171e-01
-1.902113032590306563e-02 -6.180339887498965783e-03 -1.849999999999999978e-01
