0.000000000000000000e+00 -1.449999999999999900e-01 -2.499999999999999445e-02 0.000000000000000000e+00
0.000000000000000000e+00 -1.417100000000000026e-01 -2.499999999999999445e-02 8.112856143000000617e-03
5.545536988999999916e-06 -1.383766142199999993e-01 -2.498588979999999404e-02 2.225055823999999918e-02
1.635288285000000000e-05 -1.350433313399999891e-01 -2.495761989999999153e-02 3.257253915999999694e-02
3.214120715999999956e-05 -1.317102192029999952e-01 -2.491513439999999691e-02 3.528792816000000249e-02
5.263361195999999715e-05 -1.283773452370000068e-01 -2.485837130000000117e-02 3.111249479000000040e-02
7.755861941999999776e-05 -1.250447766843499897e-01 -2.478726229999998754e-02 2.325207213999999981e-02
1.066520266999999937e-04 -1.217125808319999974e-01 -2.470173280000000082e-02 1.542921518000000061e-02
1.396590388999999872e-04 -1.183808252609999945e-01 -2.460170149999998945e-02 1.047652687000000075e-02
1.763365881999999919e-04 -1.150495780959999992e-01 -2.448708059999998854e-02 9.681197574999999764e-03
2.164557448999999999e-04 -1.117189082800000011e-01 -2.435777529999999524e-02 1.273256874999999927e-02
2.598041234999999755e-04 -1.083888858500000052e-01 -2.421368419999998800e-02 1.805536442000000089e-02
3.061881892000000035e-04 -1.050595822100000021e-01 -2.405469879999999616e-02 2.343362460000000119e-02
3.554353681999999773e-04 -1.017310703799999966e-01 -2.388070389999999432e-02 2.686952882999999945e-02
4.073958729000000151e-04 -9.840342532000000142e-02 -2.369157769999999386e-02 2.744208683000000024e-02
4.619441570999999950e-04 -9.507672411999999740e-02 -2.348719169999999301e-02 2.572508424999999863e-02
5.189799334000000115e-04 -9.175104626999999735e-02 -2.326741089999999346e-02 2.341807574999999961e-02
5.784286995999999735e-04 -8.842647388999999580e-02 -2.303209439999999442e-02 2.230462597999999935e-02
6.402417490999999647e-04 -8.510309189000000996e-02 -2.278109529999999827e-02 2.314443369000000056e-02
7.043956593000000321e-04 -8.178098819000000075e-02 -2.251426139999999909e-02 2.520048831000000142e-02
7.708912862000000081e-04 -7.846025384999999464e-02 -2.223143559999998797e-02 2.669015582999999942e-02
8.397523064000000231e-04 -7.514098317000000860e-02 -2.193245619999999174e-02 2.584166019000000078e-02
9.110233758999999919e-04 -7.182327384000000703e-02 -2.161715749999999769e-02 2.188537893000000109e-02
9.847679804000000064e-04 -6.850722696000000056e-02 -2.128537070000000031e-02 1.543951877999999965e-02
1.061066065000000006e-03 -6.519294712999999797e-02 -2.093692399999999565e-02 8.199929065000000072e-03
1.140011533000000058e-03 -6.188054248999999563e-02 -2.057164319999998936e-02 2.206509663000000114e-03
1.221709677999999969e-03 -5.857012476999999551e-02 -2.018935219999999642e-02 -1.170817701000000013e-03
1.306274596000000067e-03 -5.526180931999999379e-02 -1.978987269999998855e-02 -1.888656842999999943e-03
1.393820544000000036e-03 -5.195571427999999548e-02 -1.937302819999998926e-02 -7.086205222000000132e-04
1.484170925999999920e-03 -4.865192359000000688e-02 -1.893886469999998823e-02 1.345163515000000025e-03
1.575308042999999918e-03 -4.535019880000000503e-02 -1.848941440000000103e-02 3.296499336999999998e-03
1.664059095999999901e-03 -4.204999247000000551e-02 -1.802847709999999548e-02 4.354709729999999696e-03
1.747063973000000103e-03 -3.875065195000000629e-02 -1.756032629999999817e-02 4.198150609000000054e-03
1.820933677999999950e-03 -3.545149595999999570e-02 -1.708935509999999491e-02 2.915575409000000211e-03
1.882269347999999910e-03 -3.215185333999999451e-02 -1.662000269999999724e-02 9.121912711999999790e-04
1.927663793999999896e-03 -2.885109347000000546e-02 -1.615674329999999825e-02 -1.226052097000000091e-03
1.953702845999999958e-03 -2.554865511999999950e-02 -1.570408959999999854e-02 -2.876893299999999827e-03
1.956971918999999855e-03 -2.224407450000000230e-02 -1.526660629999999907e-02 -3.527602961999999967e-03
1.934077597999999971e-03 -1.893701189999999479e-02 -1.484893660000000115e-02 -2.920844500999999864e-03
1.881705391999999961e-03 -1.562727619999999817e-02 -1.445585039999999766e-02 -1.144288678999999921e-03
1.796748599999999909e-03 -1.231484419999999413e-02 -1.409231459999998881e-02 1.434392235999999970e-03
1.676541813999999925e-03 -8.999874099999999322e-03 -1.376356659999999899e-02 4.387232373999999831e-03
1.519192003999999922e-03 -5.682711600000001084e-03 -1.347513519999998799e-02 7.489650742000000111e-03
1.323847588999999990e-03 -2.363889600000002034e-03 -1.323275539999999029e-02 1.048853404999999968e-02
1.090823104999999894e-03 9.558762999999914634e-04 -1.304220419999999048e-02 1.304681040999999993e-02
8.215358276000000060e-04 4.275695699999998434e-03 -1.290912689999999807e-02 1.473184760000000038e-02
5.182726479999999730e-04 7.594505899999992593e-03 -1.283892819999998824e-02 1.515024715000000063e-02
1.838974332999999972e-04 1.091106370000000103e-02 -1.283675759999999832e-02 1.410973660000000053e-02
-1.783991409000000117e-04 1.422392699999999732e-02 -1.290756199999999743e-02 1.168120939000000073e-02
-5.652510844000000227e-04 1.753142890000000675e-02 -1.305614759999999819e-02 8.172122197000000060e-03
-9.731893483000000162e-04 2.083164930000000470e-02 -1.328721929999999996e-02 4.088684700000000220e-03
-1.398667729000000045e-03 2.412238689999998686e-02 -1.360539349999999315e-02 6.880311557000000659e-05
-1.838069088999999979e-03 2.740113180000000592e-02 -1.401518999999999682e-02 -3.237647269999999970e-03
-2.287705264999999929e-03 3.066504059999999865e-02 -1.452100839999999338e-02 -5.352879399000000198e-03
-2.743817038999999802e-03 3.391091469999998886e-02 -1.512709040000000116e-02 -6.157244555999999598e-03
-3.202584470999999926e-03 3.713519000000001236e-02 -1.583744169999999618e-02 -5.822157875000000087e-03
-3.660217505000000048e-03 4.033396750000001196e-02 -1.665558779999999628e-02 -4.427628718999999588e-03
-4.113487156999999679e-03 4.350318689999999044e-02 -1.758377709999998928e-02 -2.370332735999999829e-03
-4.560795878999999824e-03 4.663892789999998789e-02 -1.862203269999999911e-02 -3.949799738999999798e-04
-5.001621646000000386e-03 4.973740360000000749e-02 -1.976922529999999845e-02 7.404600553000000073e-04
-5.435487428999999718e-03 5.279487120000000977e-02 -2.102404799999998963e-02 5.873033367999999557e-04
-5.861918653999999805e-03 5.580764069999999410e-02 -2.238504119999999709e-02 -8.968389666999999508e-04
-6.280445174999999686e-03 5.877208270000000567e-02 -2.385059399999998886e-02 -3.131712117000000004e-03
-6.690603298999999934e-03 6.168463669999998955e-02 -2.541894489999999007e-02 -5.458194773999999923e-03
-7.091937795000000273e-03 6.454181989999999147e-02 -2.708818420000000393e-02 -7.594895610000000109e-03
-7.484003839999999602e-03 6.734023510000000656e-02 -2.885625740000000161e-02 -9.271978562000000521e-03
-7.866368909000000589e-03 7.007657899999999995e-02 -3.072096820000000394e-02 -1.029500681000000001e-02
-8.238614623999999248e-03 7.274765010000000531e-02 -3.267998359999998992e-02 -1.060332425999999974e-02
-8.600338529000000828e-03 7.535035609999998774e-02 -3.473083949999999920e-02 -1.029123963999999981e-02
-8.951155771000000524e-03 7.788172069999999003e-02 -3.687094609999999606e-02 -9.585489469999999845e-03
-9.290700601999999156e-03 8.033888969999999907e-02 -3.909759590000000395e-02 -8.786520036999999339e-03
-9.618627629000000775e-03 8.271913729999999521e-02 -4.140797029999998546e-02 -8.191893069999999291e-03
-9.934612747000000701e-03 8.501986970000000032e-02 -4.379914860000000409e-02 -8.024358932000000277e-03
-1.023835373999999916e-02 8.723862969999998662e-02 -4.626811619999998682e-02 -8.383992111000000691e-03
-1.052957057999999967e-02 8.937309869999998657e-02 -4.881177440000000756e-02 -9.235037120999999710e-03
-1.080800548000000055e-02 9.142109909999998618e-02 -5.142694879999998303e-02 -1.042716984000000013e-02
-1.107342281999999963e-02 9.338059490000000240e-02 -5.411039930000000053e-02 -1.174135391000000021e-02
-1.132560890999999986e-02 9.524969159999999158e-02 -5.685882859999999428e-02 -1.294507381000000075e-02
-1.156437176000000081e-02 9.702663550000001358e-02 -5.966889159999999581e-02 -1.384156012999999963e-02
-1.178954073999999991e-02 9.870981240000001322e-02 -6.253720360000000755e-02 -1.430198109999999967e-02
-1.200096619000000017e-02 1.002977449000000132e-01 -6.546034870000000394e-02 -1.427636990000000043e-02
-1.219851897999999976e-02 1.017890904000000041e-01 -6.843488679999998325e-02 -1.378573043000000040e-02
-1.238209005000000078e-02 1.031826375999999879e-01 -7.145736119999998581e-02 -1.290229441999999997e-02
-1.255158995000000069e-02 1.044773029999999936e-01 -7.452430479999999635e-02 -1.172645020999999940e-02
-1.270694831000000052e-02 1.056721277000000070e-01 -7.763224569999999103e-02 -1.036770807000000037e-02
-1.284811339999999968e-02 1.067662736999999973e-01 -8.077771289999999271e-02 -8.934106627999999911e-03
-1.297505162000000059e-02 1.077590200000000109e-01 -8.395724039999999389e-02 -7.530676868999999600e-03
-1.308774698999999944e-02 1.086497596000000065e-01 -8.716737180000000418e-02 -6.263874051999999797e-03
-1.318620059000000060e-02 1.094379963000000067e-01 -9.040466340000000156e-02 -5.246174083999999814e-03
-1.327042988000000021e-02 1.101233413999999911e-01 -9.366568799999999695e-02 -4.594241782000000121e-03
-1.334046793999999966e-02 1.107055116000000006e-01 -9.694703729999998298e-02 -4.415865869999999714e-03
-1.339636253000000068e-02 1.111843261999999888e-01 -1.002453244000000021e-01 -4.785098576000000083e-03
-1.343817507000000071e-02 1.115597053999999866e-01 -1.035571869999999950e-01 -5.710590708999999966e-03
-1.346597941999999951e-02 1.118316686999999976e-01 -1.068792885999999831e-01 -7.106987650000000378e-03
-1.347986064999999976e-02 1.120003330000000075e-01 -1.102083217000000004e-01 -8.781359928000000495e-03
-1.347991366000000045e-02 1.120659120999999980e-01 -1.135410091999999871e-01 -1.044466762000000049e-02
-1.346624174000000083e-02 1.120287150000000009e-01 -1.168741068999999966e-01 -1.175225620999999915e-02
-1.343895521999999981e-02 1.118891455000000090e-01 -1.202044059000000054e-01 -1.236884633999999969e-02
-1.339817008999999969e-02 1.116477013000000129e-01 -1.235287345999999953e-01 -1.204489100000000028e-02
-1.334400665999999937e-02 1.113049731999999903e-01 -1.268439613000000021e-01 -1.068528478999999920e-02
-1.327658838999999993e-02 1.108616443999999868e-01 -1.301469966999999894e-01 -8.390456983000000105e-03
-1.319604083000000018e-02 1.103184893999999971e-01 -1.334347965000000080e-01 -5.454918547999999985e-03
-1.310249074999999923e-02 1.096763729999999937e-01 -1.367043641000000032e-01 -2.318727500000000198e-03
-1.299606547000000008e-02 1.089362486999999879e-01 -1.399527530999999936e-01 5.194019542999999805e-04
-1.287689241999999921e-02 1.080991574999999871e-01 -1.431770703999999950e-01 2.606457168000000154e-03
-1.274509906000000081e-02 1.071662253000000009e-01 -1.463744784999999882e-01 3.629346944000000005e-03
-1.260081294999999997e-02 1.061386612999999923e-01 -1.495421983999999926e-01 3.473222878000000163e-03
-1.244416222000000079e-02 1.050177548000000016e-01 -1.526775116000000099e-01 2.228822483999999896e-03
-1.227527628000000051e-02 1.038048722999999895e-01 -1.557777629999999858e-01 1.500156359000000077e-04
-1.209428677999999958e-02 1.025014545000000055e-01 -1.588403623000000098e-01 -2.421303503999999805e-03
-1.190132887999999917e-02 1.011090115999999928e-01 -1.618627861000000168e-01 -5.136353859000000223e-03
-1.169654271999999960e-02 9.962912039999999303e-02 -1.648425788000000003e-01 -7.700715097000000384e-03
-1.148007506999999990e-02 9.806341869999998795e-02 -1.677773540999999702e-01 -9.900126970999999568e-03
-1.125208115000000085e-02 9.641360179999999835e-02 -1.706647947999999915e-01 -1.159076702000000000e-02
-1.101272650000000020e-02 9.468141680000000115e-02 -1.735026531999999955e-01 -1.266810584000000080e-02
-1.076218892999999954e-02 9.286865850000000644e-02 -1.762887507999999770e-01 -1.303580185000000058e-02
-1.050066042000000026e-02 9.097716429999999632e-02 -1.790209767999999813e-01 -1.259427219999999931e-02
-1.022834887000000081e-02 8.900880990000001325e-02 -1.816972873999999905e-01 -1.125884496000000012e-02
-9.945479709999999890e-03 8.696550440000000437e-02 -1.843157036000000193e-01 -9.003754658999999633e-03
-9.652297283000000824e-03 8.484918699999999259e-02 -1.868743096999999909e-01 -5.915695722000000045e-03
-9.349065864000000170e-03 8.266182289999998711e-02 -1.893712505000000046e-01 -2.233617469000000102e-03
-9.036070364999999188e-03 8.040540050000000161e-02 -1.918047295000000207e-01 1.647399263999999941e-03
-8.713616619999999674e-03 7.808192880000000557e-02 -1.941730061000000174e-01 5.220779289000000191e-03
-8.382031249999999725e-03 7.569343479999998681e-02 -1.964743932000000137e-01 7.958720860999999452e-03
-8.041661095999999911e-03 7.324196310000000154e-02 -1.987072547999999828e-01 9.428616129999999387e-03
-7.692872217999999901e-03 7.072957369999999244e-02 -2.008700041999999797e-01 9.404204923000000424e-03
-7.336048476999999790e-03 6.815834239999998823e-02 -2.029611012999999742e-01 7.937489052999999184e-03
-6.971589751000000293e-03 6.553036049999999557e-02 -2.049790513999999730e-01 5.366065239999999632e-03
-6.599909806000000406e-03 6.284773509999999619e-02 -2.069224035999999989e-01 2.248277534999999945e-03
-6.221433900000000045e-03 6.011259029999999060e-02 -2.087897496999999991e-01 -7.599391220000000034e-04
-5.836596177999999607e-03 5.732706779999999225e-02 -2.105797236000000183e-01 -3.054382049999999817e-03
-5.445836919999999699e-03 5.449332860000000167e-02 -2.122910011999999680e-01 -4.217055744000000432e-03
-5.049599731000000216e-03 5.161355470000000834e-02 -2.139223007999999926e-01 -4.098690335000000282e-03
-4.648328741000000257e-03 4.868995019999999840e-02 -2.154723837999999725e-01 -2.828116864999999890e-03
-4.242465875000000358e-03 4.572474349999999799e-02 -2.169400561999999810e-01 -7.502294370000000320e-04
-3.832448277000000212e-03 4.272018880000000296e-02 -2.183241701999999729e-01 1.683687518999999995e-03
-3.418705941999999887e-03 3.967856719999998671e-02 -2.196236270000000157e-01 4.036242479999999598e-03
-3.001659608000000010e-03 3.660218809999998824e-02 -2.208373791999999891e-01 5.978109361999999968e-03
-2.581718952999999869e-03 3.349339000000001176e-02 -2.219644339000000077e-01 7.332619860000000322e-03
-2.159281142000000174e-03 3.035454100000001265e-02 -2.230038561999999891e-01 8.067686661999999218e-03
-1.734729745000000017e-03 2.718803870000000011e-02 -2.239547726999999988e-01 8.250981346999999161e-03
-1.308434052000000038e-03 2.399630969999999586e-02 -2.248163749999999850e-01 7.994533481000000094e-03
-8.807487871999999463e-04 2.078180869999998737e-02 -2.255879234999999816e-01 7.413240286999999915e-03
-4.520142196999999860e-04 1.754701699999999809e-02 -2.262687506999999931e-01 6.610317679999999987e-03
-2.255666870000000077e-05 1.429444050000000521e-02 -2.268582644999999898e-01 5.687521840000000183e-03
4.073106346000000193e-04 1.102660710000000210e-02 -2.273559514000000059e-01 4.765964537000000160e-03
8.372863540999999927e-04 7.746064299999994018e-03 -2.277613787999999972e-01 3.999289863000000077e-03
1.267079570000000056e-03 4.455375499999997269e-03 -2.280741978000000170e-01 3.565698359999999820e-03
1.696408060999999917e-03 1.157116799999996504e-03 -2.282941442000000210e-01 3.635874965999999920e-03
2.124996411000000182e-03 -2.146126999999997675e-03 -2.284210402000000084e-01 4.325383256000000197e-03
2.552573982999999797e-03 -5.451765900000002385e-03 -2.284547949000000078e-01 5.647897639999999858e-03
2.978872839000000147e-03 -8.757208899999993634e-03 -2.283954042000000129e-01 7.487110536000000406e-03
3.403625647999999979e-03 -1.205986770000000430e-02 -2.282429504000000053e-01 9.600212985000000296e-03
3.826563651999999836e-03 -1.535716060000000271e-02 -2.279976010000000219e-01 1.165659062000000065e-02
4.247414744000000200e-03 -1.864651609999999626e-02 -2.276596069000000055e-01 1.330494959000000019e-02
4.665901703999999865e-03 -2.192537599999999642e-02 -2.272293005999999893e-01 1.425354386999999959e-02
5.081740646999999972e-03 -2.519119849999999772e-02 -2.267070931000000067e-01 1.434363196000000042e-02
5.494639725999999648e-03 -2.844146073999999358e-02 -2.260934716000000122e-01 1.359664283999999917e-02
5.904298120999999615e-03 -3.167366090999999828e-02 -2.253889957000000110e-01 1.222065009000000008e-02
6.310405336000000226e-03 -3.488531997999999579e-02 -2.245942948000000106e-01 1.057078933999999922e-02
6.712640839999999866e-03 -3.807398290999999824e-02 -2.237100637999999975e-01 9.069680692999999502e-03
7.110674033999999852e-03 -4.123721949000000442e-02 -2.227370603999999921e-01 8.105362265000000746e-03
7.504164572000000116e-03 -4.437262464999999767e-02 -2.216761014999999724e-01 7.932525815999999508e-03
7.892762996999999267e-03 -4.747781845000000056e-02 -2.205280599999999980e-01 8.604730552999999629e-03
8.276111702000000722e-03 -5.055044573000000430e-02 -2.192938624000000114e-01 9.958827273999999730e-03
8.653846164000000840e-03 -5.358817541999999490e-02 -2.179744856000000175e-01 1.165877769000000022e-02
9.025596442999999844e-03 -5.658869967000000611e-02 -2.165709550999999899e-01 1.328822326999999984e-02
9.390988894000000184e-03 -5.954973282999999340e-02 -2.150843435999999775e-01 1.446547592000000000e-02
9.749648051999999440e-03 -6.246901036999999435e-02 -2.135157689999999941e-01 1.494690367999999998e-02
1.010119865000000047e-02 -6.534428778000000992e-02 -2.118663944999999715e-01 1.468818508999999994e-02
1.044526768000000015e-02 -6.817333961999999525e-02 -2.101374276000000096e-01 1.384661161999999925e-02
1.078148655000000025e-02 -7.095395865999999663e-02 -2.083301205000000211e-01 1.272657605000000053e-02
1.110949305999999956e-02 -7.368395526999999001e-02 -2.064457709000000196e-01 1.168777135000000078e-02
1.142893344999999956e-02 -7.636115706999999087e-02 -2.044857221999999697e-01 1.104560761000000085e-02
1.173946409000000031e-02 -7.898340882999999035e-02 -2.024513655000000079e-01 1.099328395999999916e-02
1.204075316000000062e-02 -8.154857270000000213e-02 -2.003441401999999927e-01 1.156588906000000083e-02
1.233248191000000001e-02 -8.405452869999999188e-02 -1.981655360000000032e-01 1.265259657999999975e-02
1.261434575000000037e-02 -8.649917563000000809e-02 -1.959170945999999802e-01 1.404819923999999984e-02
1.288605496000000059e-02 -8.888043210999999055e-02 -1.936004108999999918e-01 1.552410211999999921e-02
1.314733516000000067e-02 -9.119623807999999165e-02 -1.912171349000000020e-01 1.689433611999999890e-02
1.339792746000000034e-02 -9.344455646999999532e-02 -1.887689736999999812e-01 1.805525944999999965e-02
1.363758827999999972e-02 -9.562337524000000255e-02 -1.862576923999999801e-01 1.898752865999999914e-02
1.386608899999999985e-02 -9.773070963999999639e-02 -1.836851163999999870e-01 1.972277739000000141e-02
1.408321532000000008e-02 -9.976460472999999773e-02 -1.810531320999999860e-01 2.029080462999999918e-02
1.428876643999999960e-02 -1.017231381500000031e-01 -1.783636886999999949e-01 2.067110973000000143e-02
1.448255409000000042e-02 -1.036044230900000085e-01 -1.756187990999999726e-01 2.077184367999999892e-02
1.466440148000000034e-02 -1.054066114300000051e-01 -1.728205406999999971e-01 2.044921498999999893e-02
1.483414211000000024e-02 -1.071278969899999989e-01 -1.699710563000000063e-01 1.956431540000000066e-02
1.499161857999999937e-02 -1.087665188699999952e-01 -1.670725546000000061e-01 1.805819914000000165e-02
1.513668144000000076e-02 -1.103207647999999985e-01 -1.641273102999999678e-01 1.601632123999999907e-02
1.526918810000000085e-02 -1.117889744999999990e-01 -1.611376639999999860e-01 1.369432450000000051e-02
1.538900177000000064e-02 -1.131695429899999966e-01 -1.581060218999999767e-01 1.148879549000000021e-02
1.549599058999999966e-02 -1.144609238300000054e-01 -1.550348555999999933e-01 9.854966738999999809e-03
1.559002697999999944e-02 -1.156616322440000011e-01 -1.519267009999999696e-01 9.191926721999999286e-03
1.567098708000000049e-02 -1.167702482539999947e-01 -1.487841574999999861e-01 9.728267938999999795e-03
1.573875049000000165e-02 -1.177854196190000063e-01 -1.456098868999999851e-01 1.144312305999999925e-02
1.579320025000000016e-02 -1.187058647739999973e-01 -1.424066120999999963e-01 1.404857504000000049e-02
1.583422293999999994e-02 -1.195303756799999950e-01 -1.391771155999999843e-01 1.704227699000000068e-02
1.586170918999999999e-02 -1.202578206179999998e-01 -1.359242380000000028e-01 1.981897645999999846e-02
1.587555427000000158e-02 -1.208871469220000050e-01 -1.326508764999999868e-01 2.181251005000000090e-02
1.587565896000000046e-02 -1.214173836700000036e-01 -1.293599826000000064e-01 2.263080626000000053e-02
1.586193057999999920e-02 -1.218476443039999968e-01 -1.260545604999999958e-01 2.214818108999999993e-02
1.583428415999999991e-02 -1.221771291940000059e-01 -1.227376644999999822e-01 2.053114560999999907e-02
1.579264372999999999e-02 -1.224051281310000044e-01 -1.194123974999999893e-01 1.819236126999999870e-02
1.573694373000000118e-02 -1.225310227470000068e-01 -1.160819079000000031e-01 1.568666015000000011e-02
1.566713037000000072e-02 -1.225542888830000038e-01 -1.127493876000000006e-01 1.357757631000000055e-02
1.558316310000000017e-02 -1.224744988970000031e-01 -1.094180687999999901e-01 1.230882248999999942e-02
1.548501595000000008e-02 -1.222913239500000027e-01 -1.060912217999999962e-01 1.211165537999999917e-02
1.537267890000000060e-02 -1.220045362770000030e-01 -1.027721520999999860e-01 1.296791415999999988e-02
1.524615911999999997e-02 -1.216140114620000018e-01 -9.946419679999998764e-02 1.463331604000000022e-02
1.510548207999999962e-02 -1.211197307380000032e-01 -9.617072209999999455e-02 1.671055018999999947e-02
1.495069255999999930e-02 -1.205217832989999988e-01 -9.289511949999998408e-02 1.875053672999999962e-02
1.478185545000000080e-02 -1.198203686309999988e-01 -8.964080259999998579e-02 2.035535498000000040e-02
1.459905635999999944e-02 -1.190157988540000017e-01 -8.641120299999999199e-02 2.125847872000000138e-02
1.440240209000000042e-02 -1.181085010529999979e-01 -8.320976689999998177e-02 2.136590631999999920e-02
1.419202085999999967e-02 -1.170990195879999946e-01 -8.003995049999998446e-02 2.075289061000000143e-02
1.396806234000000022e-02 -1.159880183650000007e-01 -7.690521579999998192e-02 1.962207049000000078e-02
1.373069761000000021e-02 -1.147762830499999970e-01 -7.380902589999999153e-02 1.823721960000000003e-02
1.348011885999999930e-02 -1.134647231700000036e-01 -7.075483999999998552e-02 1.685111545999999974e-02
1.321653908000000079e-02 -1.120543741099999935e-01 -6.774610849999998519e-02 1.564596324999999871e-02
1.294019161999999945e-02 -1.105463989299999977e-01 -6.478626709999998901e-02 1.470084644000000003e-02
1.265132960999999952e-02 -1.089420899199999987e-01 -6.187873150000000599e-02 1.399353623999999990e-02
1.235022539999999953e-02 -1.072428699499999999e-01 -5.902689119999998679e-02 1.343468746999999970e-02
1.203716978999999979e-02 -1.054502934100000067e-01 -5.623410309999998802e-02 1.292274853000000001e-02
1.171247129000000005e-02 -1.035660469100000008e-01 -5.350368549999998113e-02 1.240053917000000054e-02
1.137645521999999972e-02 -1.015919495100000014e-01 -5.083891139999999198e-02 1.189245470999999998e-02
1.102946271999999915e-02 -9.952995256999999651e-02 -4.824300160000000171e-02 1.150656478000000073e-02
1.067184965999999971e-02 -9.738213921999999689e-02 -4.571911800000000303e-02 1.139781907000000059e-02
1.030398553000000036e-02 -9.515072332999999216e-02 -4.327035669999998446e-02 1.170342373000000068e-02
9.926252147999999401e-03 -9.283804806999999826e-02 -4.089974109999999774e-02 1.247357634000000048e-02
9.539042463999999194e-03 -9.044658393999999157e-02 -3.861021459999999794e-02 1.362491128000000058e-02
9.142759220999999853e-03 -8.797892631999999768e-02 -3.640463429999998834e-02 1.493770986999999953e-02
8.737813703000000751e-03 -8.543779255000000239e-02 -3.428576340000000222e-02 1.610273763999999982e-02
8.324624491000000293e-03 -8.282601842000000825e-02 -3.225626539999998377e-02 1.680487019000000137e-02
7.903616267999999390e-03 -8.014655419999999753e-02 -3.031869669999998074e-02 1.681585878000000159e-02
7.475218684999999919e-03 -7.740246021999999670e-02 -2.847550129999998347e-02 1.606406206999999933e-02
7.039865283999999918e-03 -7.459690187000000972e-02 -2.672900389999999238e-02 1.465707815000000074e-02
6.597992466999999875e-03 -7.173314424999999162e-02 -2.508140500000000106e-02 1.285068248999999933e-02
6.150038503999999753e-03 -6.881454638000000790e-02 -2.353477529999999096e-02 1.097456695000000038e-02
5.696442539999999922e-03 -6.584455493999999409e-02 -2.209105089999999216e-02 9.508988821000000091e-03
5.237643598999999935e-03 -6.282669772999999180e-02 -2.075202919999999396e-02 9.003726731000000205e-03
4.774079562999999568e-03 -5.976457685000000075e-02 -1.951936489999998858e-02 9.450512357000000196e-03
4.306186144999999896e-03 -5.666186149999999366e-02 -1.839456700000000056e-02 1.048626224999999954e-02
3.834395906999999836e-03 -5.352228073999999725e-02 -1.737899599999999378e-02 1.152309045999999962e-02
3.359222346000000168e-03 -5.034961738000000298e-02 -1.647380919999999471e-02 1.190832321999999929e-02
2.882478317999999980e-03 -4.714782549000000322e-02 -1.567868589999998896e-02 1.132535362999999989e-02
2.407485906999999852e-03 -4.392097388000000546e-02 -1.499105339999999564e-02 9.683921568999999743e-03
1.937978774000000083e-03 -4.067293275000000152e-02 -1.440720980000000095e-02 7.110592522000000297e-03
1.477681861000000032e-03 -3.740722696999999874e-02 -1.392303419999998959e-02 3.961524089000000200e-03
1.030250650999999917e-03 -3.412701599999999613e-02 -1.353418509999999852e-02 7.382089154999999913e-04
5.992658834000000453e-04 -3.083510702000000214e-02 -1.323616719999999580e-02 -2.064854441000000054e-03
1.882350724000000062e-04 -2.753397653000000389e-02 -1.302436609999998995e-02 -4.101508523000000316e-03
-1.994069666000000002e-04 -2.422579539999999976e-02 -1.289406979999999092e-02 -5.246599240999999698e-03
-5.603052026000000189e-04 -2.091245560000000447e-02 -1.284047569999999250e-02 -5.594101879999999714e-03
-8.912138236000000146e-04 -1.759559859999999809e-02 -1.285867699999999891e-02 -5.409411896000000143e-03
-1.189076746999999899e-03 -1.427664350000000526e-02 -1.294362129999999944e-02 -5.017491326000000224e-03
-1.451191694999999938e-03 -1.095681149999999660e-02 -1.309005249999999065e-02 -4.610817141999999993e-03
-1.675464696000000028e-03 -7.637144700000000896e-03 -1.329247149999999988e-02 -4.053061575999999597e-03
-1.860719830999999977e-03 -4.318512600000004586e-03 -1.354516299999999895e-02 -3.213473925999999880e-03
-2.006904192999999989e-03 -1.001609000000000527e-03 -1.384232259999999826e-02 -2.033858454999999850e-03
-2.115124107999999913e-03 2.313056400000013113e-03 -1.417823539999998883e-02 -6.617620038999999900e-04
-2.187495589000000053e-03 5.625161900000008597e-03 -1.454743149999999929e-02 5.597222508000000360e-04
-2.226852410000000181e-03 8.934572899999992934e-03 -1.494475149999999197e-02 1.257760605000000096e-03
-2.236439955999999871e-03 1.224133450000000622e-02 -1.536531459999999905e-02 1.187739513000000057e-03
-2.219688858000000084e-03 1.554565709999999878e-02 -1.580443739999999597e-02 2.835093708000000108e-04
-2.180097430000000214e-03 1.884789629999999994e-02 -1.625756289999999438e-02 -1.385168508999999907e-03
-2.121179798999999790e-03 2.214852789999999239e-02 -1.672021439999998860e-02 -3.660973558000000030e-03
-2.046446589000000191e-03 2.544812109999999850e-02 -1.718796979999999419e-02 -6.327512847999999628e-03
-1.959399042999999951e-03 2.874731029999999521e-02 -1.765645030000000115e-02 -9.118195541999999515e-03
-1.863527317000000056e-03 3.204676619999999310e-02 -1.812131739999998936e-02 -1.174214338000000024e-02
-1.762307301999999944e-03 3.534716490000000544e-02 -1.857828979999999464e-02 -1.393258470000000027e-02
-1.659170842000000064e-03 3.864914599999999534e-02 -1.902323949999999708e-02 -1.568622335000000034e-02
-1.557291254999999992e-03 4.195322639999998771e-02 -1.945261789999999658e-02 -1.701940638999999839e-02
-1.458427246000000089e-03 4.525958190000001213e-02 -1.986483739999998777e-02 -1.789166756999999858e-02
-1.362710800000000106e-03 4.856812190000001084e-02 -2.025991430000000093e-02 -1.834587831000000085e-02
-1.270078061999999975e-03 5.187873419999999847e-02 -2.063800229999999958e-02 -1.876405264000000073e-02
-1.180465355999999995e-03 5.519130880000000516e-02 -2.099925579999999126e-02 -1.948194835000000014e-02
-1.093814056000000021e-03 5.850573880000001226e-02 -2.134382869999999766e-02 -2.050253013999999915e-02
-1.010072984000000068e-03 6.182192010000001070e-02 -2.167187429999999082e-02 -2.147169561000000088e-02
-9.292008025999999501e-04 6.513975169999999815e-02 -2.198354489999999883e-02 -2.211431553000000119e-02
-8.511683643000000172e-04 6.845913540000000963e-02 -2.227899199999999746e-02 -2.214305026000000162e-02
-7.759609206000000039e-04 7.177997559999999000e-02 -2.255836589999998809e-02 -2.136097069999999890e-02
-7.035800840999999499e-04 7.510217990000001009e-02 -2.282181559999998943e-02 -1.973906727000000055e-02
-6.340454652000000139e-04 7.842565839999998678e-02 -2.306948889999999031e-02 -1.744322048000000042e-02
-5.673959271000000122e-04 8.175032379999999654e-02 -2.330153209999999420e-02 -1.481397071000000072e-02
-5.036904473999999658e-04 8.507609150000000620e-02 -2.351809009999999978e-02 -1.230957618000000017e-02
-4.430086063000000037e-04 8.840287920000000632e-02 -2.371930649999999530e-02 -1.042333919000000032e-02
-3.854507338999999802e-04 9.173060699999999179e-02 -2.390532310000000049e-02 -9.592795202999999937e-03
-3.311377377000000017e-04 9.505919690000000366e-02 -2.407627999999999158e-02 -1.011890024999999999e-02
-2.802106115000000254e-04 9.838857319999999573e-02 -2.423231519999999306e-02 -1.209862033000000045e-02
-2.328296083999999925e-04 1.017186619999999875e-01 -2.437356409999999474e-02 -1.536323277999999959e-02
-1.891730661000000119e-04 1.050493909999999920e-01 -2.450015909999998798e-02 -1.942762484999999845e-02
-1.494359036000000081e-04 1.083806892999999993e-01 -2.461222929999999642e-02 -2.348248387000000104e-02
-1.138278407000000055e-04 1.117124877000000016e-01 -2.470990029999999005e-02 -2.647306127000000064e-02
-8.257143040000000211e-05 1.150447176000000127e-01 -2.479329299999999403e-02 -2.729222887000000083e-02
-5.590001082000000337e-05 1.183773116999999875e-01 -2.486252449999999670e-02 -2.508483221000000138e-02
-3.405568659000000144e-05 1.217102030999999973e-01 -2.491770659999999193e-02 -1.963495876999999876e-02
-1.728744637999999912e-05 1.250433256999999854e-01 -2.495894649999999548e-02 -1.179138558999999996e-02
-5.849510978000000292e-06 1.283766132999999976e-01 -2.498634560000000115e-02 -3.872620562000000152e-03
0.000000000000000000e+00 1.317099999999999937e-01 -2.499999999999999445e-02 0.000000000000000000e+00
0.000000000000000000e+00 1.349899999999999989e-01 -2.499999999999999445e-02 0.000000000000000000e+00
