0.000000000000000000e+00 -1.450400000000000023e-01 -2.499999999999999445e-02 0.000000000000000000e+00
0.000000000000000000e+00 -1.417499999999999871e-01 -2.499999999999999445e-02 -2.610950521000000206e-04
-1.354265024000000071e-05 -1.384159669900000000e-01 -2.508455669999998250e-02 4.710204202999999576e-03
-3.919269798000000327e-05 -1.350851418000000026e-01 -2.525207930000000767e-02 6.502469228000000261e-03
-7.562163525999999905e-05 -1.317595570350000023e-01 -2.550163059999999149e-02 7.039141052999999849e-04
-1.215959717999999995e-04 -1.284412393809999942e-01 -2.583293149999998928e-02 -1.201855569999999915e-02
-1.759565965000000091e-04 -1.251322699718999953e-01 -2.624627479999999680e-02 -2.641825055999999852e-02
-2.375935814000000026e-04 -1.218348278009999952e-01 -2.674239589999999334e-02 -3.587641185999999871e-02
-3.054193560999999895e-04 -1.185512135749999946e-01 -2.732231509999999419e-02 -3.672872426999999884e-02
-3.783442993000000077e-04 -1.152838550220000036e-01 -2.798717889999999264e-02 -3.078183748000000095e-02
-4.552585832000000088e-04 -1.120352985000000051e-01 -2.873812489999999498e-02 -2.435662057000000102e-02
-5.350223890999999564e-04 -1.088081939499999928e-01 -2.957618600000000431e-02 -2.447873168000000085e-02
-6.164643479999999632e-04 -1.056052801699999960e-01 -3.050223959999998069e-02 -3.456104601999999970e-02
-6.983863509999999573e-04 -1.024293753799999929e-01 -3.151699510000000037e-02 -5.245713959000000010e-02
-7.795722921999999507e-04 -9.928337610000000091e-02 -3.262100919999999515e-02 -7.238304607999999918e-02
-8.587986364999999770e-04 -9.617026575999999827e-02 -3.381472019999998135e-02 -9.020365914000000318e-02
-9.348452425000000187e-04 -9.309313453999999710e-02 -3.509849489999999905e-02 -1.054183278999999973e-01
-1.006505344999999909e-03 -9.005521261999999139e-02 -3.647268449999999107e-02 -1.149311766000000040e-01
-1.072595336999999927e-03 -8.705991915999999886e-02 -3.793768819999998598e-02 -1.180019011999999951e-01
-1.132070292999999908e-03 -8.411098059999999599e-02 -3.949409009999998998e-02 -1.156183944000000047e-01
-1.182631958000000035e-03 -8.121183987999999743e-02 -4.114148759999999849e-02 -1.099156834000000055e-01
-1.213857239999999952e-03 -7.835811539999999742e-02 -4.286674630000000819e-02 -1.034521765000000065e-01
-1.213795132000000058e-03 -7.554114680000000026e-02 -4.465164489999998154e-02 -9.823832930999999713e-02
-1.170640478999999956e-03 -7.275097551999999690e-02 -4.647761100000000201e-02 -9.458896109000000663e-02
-1.072746592000000092e-03 -6.997710195000000910e-02 -4.832610430000000568e-02 -9.111317299000000480e-02
-9.086959395999999640e-04 -6.720886806000000990e-02 -5.017828439999999501e-02 -8.591606247999999946e-02
-6.677986883000000496e-04 -6.443566181999998976e-02 -5.201444519999998128e-02 -7.770231325000000189e-02
-3.416461017999999905e-04 -6.164693907000000361e-02 -5.381341539999998091e-02 -6.690422239000000382e-02
7.340848185000000369e-05 -5.883236165999999878e-02 -5.555264020000000302e-02 -5.582347187000000210e-02
5.744683204999999826e-04 -5.598234393999999836e-02 -5.720936420000000133e-02 -4.674891481000000015e-02
1.151899817000000053e-03 -5.308875289999999414e-02 -5.876227439999998081e-02 -4.023094107999999891e-02
1.790229474000000010e-03 -5.014544984999999566e-02 -6.019294680000000786e-02 -3.538168117999999918e-02
2.469327475000000164e-03 -4.714861316000000524e-02 -6.148704399999999071e-02 -3.078922715000000088e-02
3.165869780999999890e-03 -4.409686217000000075e-02 -6.263516459999998731e-02 -2.551663712000000125e-02
3.854855682999999787e-03 -4.099122618999999357e-02 -6.363344960000000272e-02 -1.958589142999999852e-02
4.511178735999999898e-03 -3.783496268000000051e-02 -6.448390079999999358e-02 -1.376187650000000075e-02
5.111201113999999657e-03 -3.463322932000000021e-02 -6.519434929999998185e-02 -8.908364965000000260e-03
5.634243926999999916e-03 -3.139263086000000647e-02 -6.577803890000000209e-02 -5.585537158999999592e-03
6.063879466000000190e-03 -2.812067830999999407e-02 -6.625281659999998629e-02 -4.033234664999999636e-03
6.388961165999999629e-03 -2.482522360000000150e-02 -6.664003209999999622e-02 -4.083310794999999577e-03
6.604327810999999909e-03 -2.151390970000000014e-02 -6.696320449999998425e-02 -5.408193708000000148e-03
6.711094735999999575e-03 -1.819367569999999490e-02 -6.724652429999999903e-02 -7.872766511999999481e-03
6.716547411999999884e-03 -1.487036129999999567e-02 -6.751331559999998455e-02 -1.161839500999999920e-02
6.633661124000000270e-03 -1.154843740000000007e-02 -6.778455640000000115e-02 -1.678780692999999949e-02
6.480286043000000294e-03 -8.230873299999996728e-03 -6.807754220000000744e-02 -2.305362270999999907e-02
6.278013774999999762e-03 -4.919146099999993638e-03 -6.840479280000000273e-02 -2.969826844000000160e-02
6.050816466000000400e-03 -1.613385800000005643e-03 -6.877328769999999092e-02 -3.596346964000000229e-02
5.823593392999999903e-03 1.687372299999989611e-03 -6.918402079999999565e-02 -4.135881106000000029e-02
5.620673490999999848e-03 4.984854700000013183e-03 -6.963191939999999192e-02 -4.561517572999999881e-02
5.464354747999999873e-03 8.281168199999994206e-03 -7.010612720000000686e-02 -4.869759423000000198e-02
5.373555268000000142e-03 1.157840730000000984e-02 -7.059063220000000305e-02 -5.082873636000000139e-02
5.362643591000000078e-03 1.487828550000000472e-02 -7.106520889999998203e-02 -5.231596168000000185e-02
5.440514058000000229e-03 1.818182420000000188e-02 -7.150663569999998748e-02 -5.337623925999999963e-02
5.609977924999999706e-03 2.148912699999999676e-02 -7.189013169999999842e-02 -5.406360729000000281e-02
5.867607587999999763e-03 2.479925320000000988e-02 -7.219094269999998259e-02 -5.442956701999999980e-02
6.203961872000000009e-03 2.811020799999999764e-02 -7.238591210000000498e-02 -5.457937512000000241e-02
6.604158760999999725e-03 3.141905070000000633e-02 -7.245495189999998087e-02 -5.464097985000000018e-02
7.048717359000000217e-03 3.472212450000000672e-02 -7.238238110000000392e-02 -5.469334433999999828e-02
7.514815170000000398e-03 3.801536529999999248e-02 -7.215791769999999050e-02 -5.471448165000000058e-02
7.977732810999999327e-03 4.129467040000001088e-02 -7.177733170000000218e-02 -5.457824010000000142e-02
8.412413163999999874e-03 4.455629199999999734e-02 -7.124271199999998583e-02 -5.426249462999999801e-02
8.795041635000000468e-03 4.779721959999999603e-02 -7.056232339999998771e-02 -5.403567285000000081e-02
9.104545472000000195e-03 5.101551479999999472e-02 -6.975005679999998764e-02 -5.439224288999999768e-02
9.323901526999999953e-03 5.421055729999998962e-02 -6.882449560000000743e-02 -5.575648301999999723e-02
9.441176250999999339e-03 5.738318219999999359e-02 -6.780769400000000169e-02 -5.817315773000000106e-02
9.450285681000000423e-03 6.053569719999998822e-02 -6.672377420000000225e-02 -6.120788416999999731e-02
9.351333418000000799e-03 6.367175759999998963e-02 -6.559736990000000767e-02 -6.412509084999999665e-02
9.150582649000000429e-03 6.679610850000000655e-02 -6.445206719999999057e-02 -6.617049586999999844e-02
8.860063018000000415e-03 6.991420800000000546e-02 -6.330892929999998309e-02 -6.682340901000000111e-02
8.496846735000000705e-03 7.303175319999999360e-02 -6.218518770000000528e-02 -6.601104513000000118e-02
8.081996023000000487e-03 7.615414419999999573e-02 -6.109319489999998076e-02 -6.412514061000000598e-02
7.639238446000000404e-03 7.928593270000000581e-02 -6.003974189999999878e-02 -6.177512391000000019e-02
7.193529157000000396e-03 8.243029499999998677e-02 -5.902574129999998975e-02 -5.943598765000000089e-02
6.769570372000000176e-03 8.558857980000000865e-02 -5.804631279999999949e-02 -5.743854478000000319e-02
6.390394215999999766e-03 8.875996640000000104e-02 -5.709123509999999846e-02 -5.627242517000000110e-02
6.076069838000000035e-03 9.194124810000001147e-02 -5.614567500000000599e-02 -5.677428573999999950e-02
5.842516421000000341e-03 9.512675149999999524e-02 -5.519110920000000475e-02 -5.991987814000000051e-02
5.700366979999999667e-03 9.830842189999999814e-02 -5.420641019999999921e-02 -6.625760292000000551e-02
5.653945377000000293e-03 1.014761415000000055e-01 -5.316914240000000791e-02 -7.550087614000000613e-02
5.700773672999999604e-03 1.046183357999999897e-01 -5.205710680000000257e-02 -8.669600254999999811e-02
5.832103723999999649e-03 1.077227055999999961e-01 -5.084980799999999634e-02 -9.850129783000000083e-02
6.034800324999999889e-03 1.107766537000000051e-01 -4.952919089999999191e-02 -1.095863321999999973e-01
6.293624886000000196e-03 1.137670632999999987e-01 -4.807937489999999925e-02 -1.191653260000000020e-01
6.592549163999999844e-03 1.166797330999999882e-01 -4.648618469999998837e-02 -1.271947361000000110e-01
6.915129727999999587e-03 1.194988882999999946e-01 -4.473711410000000277e-02 -1.336546658999999970e-01
7.244544846000000420e-03 1.222068799999999900e-01 -4.282170159999998393e-02 -1.383998337000000023e-01
7.563691913999999808e-03 1.247843134999999937e-01 -4.073246040000000345e-02 -1.412203090999999966e-01
7.857646083000000350e-03 1.272130671000000213e-01 -3.846882639999998910e-02 -1.416991729000000033e-01
8.122143840000000184e-03 1.294821011000000244e-01 -3.604173369999999488e-02 -1.392597056000000055e-01
8.355970965999999500e-03 1.315829997999999890e-01 -3.346473919999998214e-02 -1.333609399000000029e-01
8.558112063999999408e-03 1.335085507000000060e-01 -3.075165280000000112e-02 -1.233430071999999933e-01
8.727747927000000308e-03 1.352527397000000131e-01 -2.791641689999999065e-02 -1.086542942000000012e-01
8.864266596000000206e-03 1.368107340999999977e-01 -2.497301099999998941e-02 -8.938742530000000353e-02
8.967267026000000016e-03 1.381788632000000017e-01 -2.193536009999999536e-02 -6.642706261000000389e-02
9.036552418000000711e-03 1.393545948000000090e-01 -1.881724349999999713e-02 -4.102150444000000201e-02
9.072114412999999697e-03 1.403365033999999789e-01 -1.563220409999999116e-02 -1.420985383999999983e-02
9.074111782000000501e-03 1.411242287999999734e-01 -1.239346049999999477e-02 1.293615212000000063e-02
9.042847893000000026e-03 1.417184208000000223e-01 -9.113822299999990717e-03 3.932521356000000246e-02
8.978750342000000120e-03 1.421206725999999976e-01 -5.805613199999989926e-03 6.390994014999999695e-02
8.882354364000000571e-03 1.423334412000000215e-01 -2.480602499999998156e-03 8.597666358000000120e-02
8.754289982000000581e-03 1.423599600000000076e-01 8.500507900000009442e-04 1.052075709999999997e-01
8.595271793999999244e-03 1.422041470000000030e-01 4.175842060000004019e-03 1.216904837000000045e-01
8.406090022000000522e-03 1.418705123999999818e-01 7.486951680000006326e-03 1.357519083000000015e-01
8.187601791999999518e-03 1.413640688000000201e-01 1.077426402000000727e-02 1.477908649999999935e-01
7.940722108000000320e-03 1.406902458000000022e-01 1.402937578000000574e-02 1.582018792000000063e-01
7.666414558999999802e-03 1.398548103999999737e-01 1.724459527000000991e-02 1.673328279999999890e-01
7.365682041000000402e-03 1.388637934999999990e-01 2.041293405000001171e-02 1.754593862000000115e-01
7.039557923000000321e-03 1.377234211999999736e-01 2.352809207000000624e-02 1.827760009999999935e-01
6.689097976000000188e-03 1.364400525999999725e-01 2.658443741000000859e-02 1.893990681000000120e-01
6.315373273999999766e-03 1.350201227000000226e-01 2.957698138000000587e-02 1.953768979000000128e-01
5.919464119999999670e-03 1.334700909000000046e-01 3.250134999000001135e-02 2.007026577000000089e-01
5.502454946999999624e-03 1.317963944000000165e-01 3.535375249000000109e-02 2.053289580000000059e-01
5.065430091999999739e-03 1.300054082000000055e-01 3.813094770000000772e-02 2.091842472999999869e-01
4.609470297999999737e-03 1.281034086000000238e-01 4.083020894000000817e-02 2.121908432000000067e-01
4.135649840999999598e-03 1.260965439000000243e-01 4.344928806000000754e-02 2.142828324000000118e-01
3.645034162999999904e-03 1.239908080999999884e-01 4.598637927000000236e-02 2.154206092000000017e-01
3.138677925000000080e-03 1.217920200000000008e-01 4.844008309000000234e-02 2.155987340999999946e-01
2.617623412000000000e-03 1.195058065999999863e-01 5.080937092000000627e-02 2.148453841000000086e-01
2.082899227999999991e-03 1.171375895000000000e-01 5.309355048000000826e-02 2.132142871000000106e-01
1.535519223999999919e-03 1.146925758000000017e-01 5.529223241000000288e-02 2.107725373000000069e-01
9.764816075000000298e-04 1.121757509000000097e-01 5.740529821000000393e-02 2.075890388999999947e-01
4.067681936000000237e-04 1.095918751999999941e-01 5.943286965000000449e-02 2.037280535000000059e-01
-1.726562468999999923e-04 1.069454820000000084e-01 6.137527979000000772e-02 1.992505689000000080e-01
-7.608445763000000125e-04 1.042408790000000085e-01 6.323304563000001211e-02 1.942234576000000101e-01
-1.356867840999999991e-03 1.014821499999999932e-01 6.500684245000000472e-02 1.887334847999999898e-01
-1.959815806999999979e-03 9.867315919999999907e-02 6.669747984000000407e-02 1.829009615999999949e-01
-2.568797486000000060e-03 9.581755680000000885e-02 6.830587939000000441e-02 1.768869794000000051e-01
-3.182941665999999836e-03 9.291878489999999546e-02 6.983305398000000386e-02 1.708891224999999903e-01
-3.801397436000000189e-03 8.998008530000001226e-02 7.128008871000000857e-02 1.651232646999999942e-01
-4.423334701999999917e-03 8.700450749999999456e-02 7.264812328000000430e-02 1.597928905000000066e-01
-5.047944684000000258e-03 8.399491689999999400e-02 7.393833591000001371e-02 1.550513118999999884e-01
-5.674440369999999602e-03 8.095400429999999314e-02 7.515192854000000977e-02 1.509650716000000004e-01
-6.302056924000000102e-03 7.788429490000001176e-02 7.629011339999999808e-02 1.474878203999999970e-01
-6.930052007000000319e-03 7.478815810000000175e-02 7.735410080000000577e-02 1.444525710000000018e-01
-7.557705997999999981e-03 7.166781659999998944e-02 7.834508806000001213e-02 1.415865951999999983e-01
-8.184322088999999162e-03 6.852535679999999241e-02 7.926424952000001023e-02 1.385480641999999873e-01
-8.809226221999999842e-03 6.536273740000000942e-02 8.011272758000000105e-02 1.349781020999999970e-01
-9.431766851999999479e-03 6.218179979999999274e-02 8.089162465000000746e-02 1.305577790999999932e-01
-1.005131450000000017e-02 5.898427680000001283e-02 8.160199605000001410e-02 1.250580124000000015e-01
-1.066726106999999965e-02 5.577180219999999800e-02 8.224484362000000770e-02 1.183719852999999961e-01
-1.127901895999999966e-02 5.254591929999999356e-02 8.282111025000001014e-02 1.105240690999999970e-01
-1.188601983999999952e-02 4.930808999999999886e-02 8.333167496000000452e-02 1.016549474999999952e-01
-1.248771327999999986e-02 4.605970309999998791e-02 8.377734878000001051e-02 9.198793368999999553e-02
-1.308356492999999954e-02 4.280208299999999078e-02 8.415887120000001276e-02 8.178480812999999738e-02
-1.367305463000000054e-02 3.953649700000000378e-02 8.447690721000000735e-02 7.130034728999999627e-02
-1.425567408000000084e-02 3.626416399999998763e-02 8.473204485000000730e-02 6.074341919000000173e-02
-1.483092436999999993e-02 3.298626130000001377e-02 8.492479336000000045e-02 5.025009679999999784e-02
-1.539831327000000007e-02 2.970393290000000741e-02 8.505558172000000916e-02 3.987174947000000219e-02
-1.595735225000000090e-02 2.641829600000000777e-02 8.512475766000000832e-02 2.957904031999999961e-02
-1.650755339999999960e-02 2.313044889999998910e-02 8.513258714000000726e-02 1.928108993999999923e-02
-1.704842620999999850e-02 1.984147710000000453e-02 8.507925416000000629e-02 8.857317425000000438e-03
-1.757947425000000105e-02 1.655246129999998761e-02 8.496486104000000594e-02 -1.802715392000000041e-03
-1.810019180999999922e-02 1.326448350000000720e-02 8.478942895000000923e-02 -1.275862432999999921e-02
-1.861006055999999895e-02 9.978634200000002785e-03 8.455289892000000807e-02 -2.398672488000000089e-02
-1.910854626999999861e-02 6.696019100000005775e-03 8.425513312000000588e-02 -3.536498545999999799e-02
-1.959509565000000161e-02 3.417766200000005306e-03 8.389591647999999902e-02 -4.668212531000000276e-02
-2.006913337999999963e-02 1.450326000000112803e-04 8.347495867000000180e-02 -5.767209268000000194e-02
-2.053005928999999952e-02 -3.120988399999996554e-03 8.299189646000000586e-02 -6.806800779999999662e-02
-2.097724590000000014e-02 -6.379059899999997563e-03 8.244629633000000180e-02 -7.766290851000000328e-02
-2.141003621000000037e-02 -9.627894499999997691e-03 8.183765754999999809e-02 -8.636091432999999651e-02
-2.182774187000000032e-02 -1.286614640000000032e-02 8.116541556000000934e-02 -9.420358144000000322e-02
-2.222964171000000114e-02 -1.609240409999999899e-02 8.042894578000001071e-02 -1.013624377000000021e-01
-2.261498073999999858e-02 -1.930518200000000406e-02 7.962756789000000057e-02 -1.080981760000000041e-01
-2.298296953000000115e-02 -2.250291290000000499e-02 7.876055045000000809e-02 -1.146965927999999968e-01
-2.333278411000000094e-02 -2.568393951000000341e-02 7.782711614000001332e-02 -1.213978428999999970e-01
-2.366356626999999851e-02 -2.884650586999999711e-02 7.682644745000000164e-02 -1.283369611999999882e-01
-2.397442443999999936e-02 -3.198874879999999421e-02 7.575769295000001069e-02 -1.355098829999999976e-01
-2.426443496000000102e-02 -3.510868899999999848e-02 7.461997430000000264e-02 -1.427721264000000045e-01
-2.453264385000000075e-02 -3.820422212000000595e-02 7.341239373999999818e-02 -1.498693677999999863e-01
-2.477806914000000096e-02 -4.127310961999999805e-02 7.213404254999999932e-02 -1.564924466000000014e-01
-2.499970351999999951e-02 -4.431296954999999760e-02 7.078401019000001015e-02 -1.623449415000000062e-01
-2.519651758000000102e-02 -4.732126739000000470e-02 6.936139438000001045e-02 -1.672095235000000124e-01
-2.536746347000000054e-02 -5.029530685999999973e-02 6.786531214000000867e-02 -1.709995982999999997e-01
-2.551147894999999943e-02 -5.323222084999999770e-02 6.629491189000000229e-02 -1.737851947000000064e-01
-2.562749195999999841e-02 -5.612896258999999777e-02 6.464938668000000388e-02 -1.757866043000000100e-01
-2.571442561999999835e-02 -5.898229714000000068e-02 6.292798868000000490e-02 -1.773355876999999914e-01
-2.577120361999999873e-02 -6.178879327000000310e-02 6.113004494000000288e-02 -1.788110207999999979e-01
-2.579675612000000007e-02 -6.454481600000000485e-02 5.925497458000000828e-02 -1.805619642000000080e-01
-2.579002609000000112e-02 -6.724651984999999166e-02 5.730230747000000791e-02 -1.828344954999999994e-01
-2.574997612000000033e-02 -6.988984304999999730e-02 5.527170446000000820e-02 -1.857180599999999904e-01
-2.567559571999999957e-02 -7.247050291999999894e-02 5.316297920000000871e-02 -1.891225146000000135e-01
-2.556590912000000076e-02 -7.498399262999999593e-02 5.097612173000000413e-02 -1.927896696999999993e-01
-2.541998365999999926e-02 -7.742557968999999596e-02 4.871132363000000437e-02 -1.963350204000000043e-01
-2.523693868000000118e-02 -7.979030630000000235e-02 4.636900497000000232e-02 -1.993087560000000036e-01
-2.501595502000000110e-02 -8.207299211999999344e-02 4.394984288000000627e-02 -2.012618312999999992e-01
-2.475628515999999876e-02 -8.426823957000000032e-02 4.145480173000000435e-02 -2.018036410999999863e-01
-2.445726394000000137e-02 -8.637044225999999936e-02 3.888516474000000556e-02 -2.006421139000000020e-01
-2.411831999000000129e-02 -8.837379670000000687e-02 3.624256693000001139e-02 -1.976030552999999967e-01
-2.373898769999999853e-02 -9.027231793999999920e-02 3.352902908000000848e-02 -1.926310206000000080e-01
-2.331891986999999958e-02 -9.205985937999999758e-02 3.074699246000001107e-02 -1.857769521000000035e-01
-2.285790092000000023e-02 -9.373013720000000770e-02 2.789935388000000516e-02 -1.771777703999999898e-01
-2.235586057000000029e-02 -9.527675990000000761e-02 2.498950065000000997e-02 -1.670311486999999928e-01
-2.181288802000000068e-02 -9.669326316000000088e-02 2.202134484000001224e-02 -1.555667333999999902e-01
-2.122924642000000028e-02 -9.797315045999999139e-02 1.899935617000000909e-02 -1.430144902999999912e-01
-2.060538760000000039e-02 -9.910993959000000131e-02 1.592859281000000293e-02 -1.295717775999999932e-01
-1.994196687999999842e-02 -1.000972153200000020e-01 1.281472918999999877e-02 -1.153723066000000019e-01
-1.923985782000000103e-02 -1.009286881099999977e-01 9.664079910000011875e-03 -1.004613661999999991e-01
-1.850016659999999952e-02 -1.015982589499999922e-01 6.483618840000010541e-03 -8.478208909999999932e-02
-1.772424569000000116e-02 -1.021000900500000086e-01 3.280992230000001619e-03 -6.818505598999999306e-02
-1.691370640999999980e-02 -1.024286812600000013e-01 6.452503999999914530e-05 -5.051219641000000149e-02
-1.607042951999999858e-02 -1.025789518600000033e-01 -3.156780799999994724e-03 -3.177240682000000149e-02
-1.519657334999999915e-02 -1.025463271300000034e-01 -6.373256999999993289e-03 -1.241804114000000063e-02
-1.429457852999999924e-02 -1.023268291300000049e-01 -9.574590199999996609e-03 7.243343959999999811e-03
-1.336716913000000027e-02 -1.019171700500000055e-01 -1.274985359999999956e-02 2.683279074000000097e-02
-1.241735021000000064e-02 -1.013148462500000069e-01 -1.588755289999999043e-02 4.533402336999999699e-02
-1.144840270000000056e-02 -1.005182299100000065e-01 -1.897568329999999026e-02 6.235007627999999968e-02
-1.046387667999999944e-02 -9.952665484000000617e-02 -2.200180200000000086e-02 7.771617208000000665e-02
-9.467584137999999691e-03 -9.834049291999999443e-02 -2.495311199999999952e-02 9.101860924000000630e-02
-8.463590861000000465e-03 -9.696121815000000033e-02 -2.781655589999998401e-02 1.019060410999999972e-01
-7.456205766000000013e-03 -9.539145674000000519e-02 -3.057891719999999980e-02 1.104166540000000030e-01
-6.449964740000000384e-03 -9.363502254000000136e-02 -3.322692320000000810e-02 1.167225783000000044e-01
-5.449607274999999744e-03 -9.169693802000000726e-02 -3.574734599999998541e-02 1.212864134999999954e-01
-4.460047061000000160e-03 -8.958344208999999281e-02 -3.812709789999998988e-02 1.246084707999999958e-01
-3.486339631999999834e-03 -8.730198916999999670e-02 -4.035332110000000583e-02 1.268690078999999971e-01
-2.533665152999999871e-03 -8.486123398000000595e-02 -4.241352239999998663e-02 1.281808822999999931e-01
-1.610141267000000063e-03 -8.227294301000000198e-02 -4.429974929999999644e-02 1.281855198000000085e-01
-7.298504815000000142e-04 -7.955572544000000246e-02 -4.601799060000000274e-02 1.263082908000000004e-01
9.329856297999999384e-05 -7.672890372999999209e-02 -4.758081189999999183e-02 1.223431695999999957e-01
8.465063683999999753e-04 -7.381001134000000907e-02 -4.900346399999999658e-02 1.164629818999999983e-01
1.517924484999999936e-03 -7.081470323999999872e-02 -5.030298199999999609e-02 1.090763004000000064e-01
2.096610069000000211e-03 -6.775708352999999795e-02 -5.149784399999998707e-02 1.009272697999999968e-01
2.572975348999999821e-03 -6.465021879999999221e-02 -5.260792819999998704e-02 9.301559848000000297e-02
2.940313977999999950e-03 -6.150669896999999553e-02 -5.365455980000000125e-02 8.619129371000000539e-02
3.197060497000000015e-03 -5.833879732999999734e-02 -5.465999499999998901e-02 8.072102539999999327e-02
3.348240569000000052e-03 -5.515799375999999588e-02 -5.564609279999999103e-02 7.602307278999999307e-02
3.405383371999999922e-03 -5.197424635000000293e-02 -5.663277729999999233e-02 7.133163642999999776e-02
3.385567505000000067e-03 -4.879539333000000589e-02 -5.763667529999999539e-02 6.636817928999999561e-02
3.310004165999999842e-03 -4.562685754999999677e-02 -5.867019800000000673e-02 6.157019487999999818e-02
3.202584761000000068e-03 -4.247158087999999831e-02 -5.974085630000000591e-02 5.777952622000000205e-02
3.088424016000000140e-03 -3.933012937999999514e-02 -6.085077859999998839e-02 5.565754914999999914e-02
2.992390638000000207e-03 -3.620093558999999683e-02 -6.199646799999999902e-02 5.532607325999999714e-02
2.937648362000000023e-03 -3.308065869000000048e-02 -6.316886310000000004e-02 5.661811290999999718e-02
2.944276935000000178e-03 -2.996464561999999388e-02 -6.435375329999998284e-02 5.919514679000000001e-02
3.028011033000000025e-03 -2.684744909000000290e-02 -6.553252409999998918e-02 6.252076489999999764e-02
3.199221136999999809e-03 -2.372337469999999393e-02 -6.668323230000000601e-02 6.599239890999999969e-02
3.462256207999999964e-03 -2.058701209999999615e-02 -6.778194439999998822e-02 6.918683907000000577e-02
3.815163177000000048e-03 -1.743370199999999537e-02 -6.880422689999998731e-02 7.192487641000000487e-02
4.249790855999999867e-03 -1.425990559999999741e-02 -6.972669089999999903e-02 7.418800394999999770e-02
4.752274667999999841e-03 -1.106345250000000113e-02 -7.052850110000000172e-02 7.602323312000000555e-02
5.303905454999999734e-03 -7.843650999999993156e-03 -7.119272469999998743e-02 7.740165790000000379e-02
5.882310223999999942e-03 -4.601261699999997790e-03 -7.170742920000000575e-02 7.816864434999999667e-02
6.462849950000000218e-03 -1.338348700000005498e-03 -7.206649819999999540e-02 7.807474447999999956e-02
7.020174813000000340e-03 1.941979199999999128e-03 -7.227006449999998083e-02 7.690017327999999763e-02
7.529827236000000146e-03 5.235909799999993730e-03 -7.232452640000000543e-02 7.452101442000000353e-02
7.969784303000000680e-03 8.539313299999989892e-03 -7.224215219999999271e-02 7.086251313999999968e-02
8.321842918000000103e-03 1.184813590000000083e-02 -7.204030559999999306e-02 6.587267449000000497e-02
8.572765706999999763e-03 1.515876420000000779e-02 -7.174034190000000422e-02 5.956770849000000284e-02
8.715116890999999658e-03 1.846832889999999727e-02 -7.136624410000000363e-02 5.218011681999999707e-02
8.747658218000000166e-03 2.177492140000000798e-02 -7.094308309999999840e-02 4.424393212999999658e-02
8.675369268999999842e-03 2.507769630000000749e-02 -7.049543799999999361e-02 3.649660401999999665e-02
8.509114918000000582e-03 2.837685100000000848e-02 -7.004585539999999555e-02 2.964587408999999965e-02
8.265013099000000779e-03 3.167348629999999776e-02 -6.961337589999999631e-02 2.414050712999999890e-02
7.963372082000000352e-03 3.496937410000000579e-02 -6.921239530000000695e-02 2.003723768000000016e-02
7.627416786000000039e-03 3.826664020000000721e-02 -6.885182160000000162e-02 1.703483606999999997e-02
7.281873492999999670e-03 4.156739100000000908e-02 -6.853457039999999445e-02 1.468971038999999923e-02
6.951486094000000268e-03 4.487331920000001140e-02 -6.825741620000000398e-02 1.261872730999999935e-02
6.659538440000000413e-03 4.818532380000001281e-02 -6.801120950000000276e-02 1.052292655000000056e-02
6.426468222000000265e-03 5.150318170000001139e-02 -6.778145990000000731e-02 8.234682206000000157e-03
6.268630090999999932e-03 5.482530250000000605e-02 -6.754923660000000663e-02 5.854818908999999752e-03
6.197251634000000044e-03 5.814859340000000376e-02 -6.729234309999998498e-02 3.964992409000000183e-03
6.217764712999999943e-03 6.146846570000000232e-02 -6.698672910000000313e-02 3.408619980999999868e-03
6.329471593999999937e-03 6.477897860000000896e-02 -6.660801099999999475e-02 4.831434899999999776e-03
6.525573796000000079e-03 6.807312039999999231e-02 -6.613301550000000306e-02 8.451455623000000625e-03
6.793560068000000299e-03 7.134321660000000898e-02 -6.554125920000000716e-02 1.415992951000000048e-02
7.115970618000000240e-03 7.458143410000001028e-02 -6.481625499999998929e-02 2.173002773000000040e-02
7.471498348999999935e-03 7.778033830000000148e-02 -6.394654040000000150e-02 3.092210484999999981e-02
7.836326524999999432e-03 8.093346790000000013e-02 -6.292640289999998360e-02 4.139988638000000054e-02
8.185644574999999604e-03 8.403586539999999272e-02 -6.175619549999999958e-02 5.272868164999999774e-02
8.495213200999999353e-03 8.708451040000000920e-02 -6.044221559999998772e-02 6.434879347999999943e-02
8.742857072999999854e-03 9.007862099999999761e-02 -5.899619189999999458e-02 7.550394892999999497e-02
8.909813807000000613e-03 9.301981000000000832e-02 -5.743446039999999808e-02 8.537000197999999873e-02
8.981934739999999223e-03 9.591209600000000224e-02 -5.577690759999998082e-02 9.353684231999999377e-02
8.950748221999999671e-03 9.876176249999998880e-02 -5.404571839999999794e-02 9.985790203000000087e-02
8.814230580000000440e-03 1.015770299000000043e-01 -5.226390719999998713e-02 1.042638302000000045e-01
8.577110759000000639e-03 1.043675071999999870e-01 -5.045369909999999902e-02 1.067253177999999969e-01
8.250083392000000237e-03 1.071434940999999863e-01 -4.863509150000000503e-02 1.072396808999999951e-01
7.847668325999999916e-03 1.099154780000000109e-01 -4.682540599999998610e-02 1.059908497999999949e-01
7.385915794999999701e-03 1.126940221000000131e-01 -4.504003079999999160e-02 1.034163760000000043e-01
6.881242188999999766e-03 1.154897216999999920e-01 -4.329341740000000605e-02 1.001655567000000052e-01
6.350182773999999732e-03 1.183129747999999981e-01 -4.159971239999998849e-02 9.661044242999999865e-02
5.809437683000000067e-03 1.211735831999999902e-01 -3.997304969999998514e-02 9.263619928999999864e-02
5.275663156000000124e-03 1.240799123999999920e-01 -3.842702089999999737e-02 8.794433432999999856e-02
4.761632382000000226e-03 1.270354537000000228e-01 -3.696993590000000052e-02 8.290931092000000668e-02
4.269042819000000433e-03 1.300366070000000263e-01 -3.560129349999999193e-02 7.763676844000000354e-02
3.798753049000000003e-03 1.330797062999999891e-01 -3.432017669999998244e-02 7.214146551000000240e-02
3.351691785999999854e-03 1.361613493000000119e-01 -3.312576400000000199e-02 6.634899677000000162e-02
2.928817875000000199e-03 1.392783313000000023e-01 -3.201728949999999019e-02 6.024244139999999914e-02
2.531084790000000164e-03 1.424275997000000182e-01 -3.099399840000000017e-02 5.388388088999999936e-02
2.159412000999999873e-03 1.456062195000000226e-01 -3.005510340000000502e-02 4.735442751999999894e-02
1.814662411999999961e-03 1.488113506000000030e-01 -2.919974340000000557e-02 4.070548648999999797e-02
1.497625921000000047e-03 1.520402354000000011e-01 -2.842694869999998208e-02 3.398545002000000204e-02
1.209011195999999937e-03 1.552901957000000221e-01 -2.773562059999998275e-02 2.731825842000000157e-02
9.494496167999999601e-04 1.585586395999999954e-01 -2.712453489999999690e-02 2.098400598999999866e-02
7.195157642000000455e-04 1.618430744000000088e-01 -2.659238210000000602e-02 1.543057224000000081e-02
5.197671496000000032e-04 1.651411204000000077e-01 -2.613785009999999853e-02 1.115324751000000038e-02
3.508018678000000227e-04 1.684505202000000090e-01 -2.575974610000000831e-02 8.444894329999999213e-03
2.133278614999999990e-04 1.717691337000000207e-01 -2.545714369999999005e-02 7.114163264000000417e-03
1.082337613999999934e-04 1.750949155000000035e-01 -2.522953049999998587e-02 6.317016075999999647e-03
3.665111197000000219e-05 1.784258718999999771e-01 -2.507693289999998743e-02 4.585914356999999837e-03
0.000000000000000000e+00 1.817599999999999771e-01 -2.499999999999999445e-02 0.000000000000000000e+00
0.000000000000000000e+00 1.850399999999999823e-01 -2.499999999999999445e-02 0.000000000000000000e+00
