0.000000000000000000e+00 -1.449699999999999878e-01 -2.499999999999999445e-02 0.000000000000000000e+00
0.000000000000000000e+00 -1.416800000000000004e-01 -2.499999999999999445e-02 3.848520826000000061e-02
-2.257327722999999929e-05 -1.383493886200000134e-01 -2.513890189999998248e-02 1.429662402000000110e-01
-6.690788539999999553e-05 -1.350277132799999891e-01 -2.541688810000000687e-02 2.895889338000000035e-01
-1.321798869999999890e-04 -1.317209838160000035e-01 -2.583406820000000437e-02 4.519929339000000046e-01
-2.175518305000000065e-04 -1.284352763630000061e-01 -2.639047179999998161e-02 6.070472268000000060e-01
-3.221705628999999818e-04 -1.251767531799999889e-01 -2.708603819999999551e-02 7.381968114000000414e-01
-4.451644902000000126e-04 -1.219516817839999961e-01 -2.792060329999998536e-02 8.360465044999999540e-01
-5.856403991000000203e-04 -1.187664531729999973e-01 -2.889388379999999201e-02 8.974546879999999449e-01
-7.426799293000000118e-04 -1.156275989370000035e-01 -3.000545779999999607e-02 9.243382688000000291e-01
-9.153357425000000457e-04 -1.125418069899999929e-01 -3.125474279999998495e-02 9.222481165999999453e-01
-1.102627413999999985e-03 -1.095159356200000045e-01 -3.264097029999998845e-02 8.982649391999999455e-01
-1.303537128999999930e-03 -1.065570254000000050e-01 -3.416315670000000249e-02 8.586431852000000475e-01
-1.517005419999999929e-03 -1.036723087499999973e-01 -3.582007160000000301e-02 8.075526529000000009e-01
-1.741927323999999892e-03 -1.008692166399999951e-01 -3.761020190000000096e-02 7.476618045999999795e-01
-1.977149283999999826e-03 -9.815538237000000221e-02 -3.953171369999999851e-02 6.817331665000000429e-01
-2.221466622000000182e-03 -9.553864137999999728e-02 -4.158241029999998339e-02 6.137628743999999914e-01
-2.473620792000000030e-03 -9.302702628000000806e-02 -4.375968650000000570e-02 5.490327268000000371e-01
-2.732295849000000113e-03 -9.062875444000000058e-02 -4.606048020000000354e-02 4.934855944000000050e-01
-2.993150015999999913e-03 -8.834986286000000300e-02 -4.847938239999999288e-02 4.527451875999999875e-01
-3.235194280000000012e-03 -8.617784275999999799e-02 -5.099664719999999485e-02 4.308269609000000000e-01
-3.434476354999999991e-03 -8.409137849000000720e-02 -5.358896949999999992e-02 4.284383943000000250e-01
-3.567215990999999826e-03 -8.206652879000000955e-02 -5.623390309999998227e-02 4.429562692999999829e-01
-3.609983757000000213e-03 -8.007813543000000256e-02 -5.890929540000000575e-02 4.694359229999999772e-01
-3.540503254999999815e-03 -7.810021307000000745e-02 -6.159184249999999361e-02 5.004359832000000452e-01
-3.340691113000000215e-03 -7.610558548000000145e-02 -6.425535669999998811e-02 5.324143250999999744e-01
-3.001800063999999959e-03 -7.406610289999999985e-02 -6.687033640000000778e-02 5.641663091999999935e-01
-2.527731859000000112e-03 -7.195459716999999533e-02 -6.940587579999998868e-02 5.927828483000000537e-01
-1.934894762999999924e-03 -6.974735849999999515e-02 -7.183250809999999764e-02 6.158251460000000455e-01
-1.250186377999999926e-03 -6.742607130000000115e-02 -7.412477840000000762e-02 6.313016808000000424e-01
-5.084265240000000480e-04 -6.497915284999999930e-02 -7.626345860000000032e-02 6.393707903999999997e-01
2.507361175000000111e-04 -6.240246736000000516e-02 -7.823725770000000690e-02 6.469013717999999580e-01
9.862057310000000958e-04 -5.969944868000000293e-02 -8.004400400000000193e-02 6.646438386999999892e-01
1.658984091999999915e-03 -5.688054379000000160e-02 -8.169107309999998345e-02 6.991920328999999823e-01
2.235545293999999933e-03 -5.396197400999999672e-02 -8.319488210000000605e-02 7.535180241000000168e-01
2.690789191999999955e-03 -5.096406830999999915e-02 -8.457962780000000125e-02 8.248502194000000287e-01
3.010158562000000114e-03 -4.790921446000000194e-02 -8.587516389999999555e-02 9.059999118999999546e-01
3.190831303999999962e-03 -4.481976714999999500e-02 -8.711434369999998539e-02 9.898626936000000098e-01
3.241871829000000059e-03 -4.171610877999999689e-02 -8.833004440000000179e-02 1.068573473999999912e+00
3.183401067999999928e-03 -3.861504639000000461e-02 -8.955213759999999801e-02 1.131370662999999999e+00
3.044870158000000104e-03 -3.552865971999999428e-02 -9.080463910000000083e-02 1.165078279000000050e+00
2.862450181000000034e-03 -3.246371231000000357e-02 -9.210335919999998455e-02 1.158711355000000109e+00
2.675878327000000018e-03 -2.942166542999999357e-02 -9.345428929999999301e-02 1.106612453999999968e+00
2.525108756999999877e-03 -2.639919995999999436e-02 -9.485277300000000134e-02 1.009035498999999891e+00
2.446957188000000154e-03 -2.338916539999999489e-02 -9.628357419999999944e-02 8.725504388000000500e-01
2.471975327999999944e-03 -2.038181649999999678e-02 -9.772182939999998763e-02 7.086396762000000127e-01
2.621764897999999833e-03 -1.736619339999999345e-02 -9.913484759999999230e-02 5.361332469999999795e-01
2.906957031999999816e-03 -1.433150969999999469e-02 -1.004846833999999967e-01 3.798149713999999788e-01
3.326240393000000004e-03 -1.126844940000000517e-02 -1.017313632000000079e-01 2.540170541999999809e-01
3.866485810000000033e-03 -8.170192899999997871e-03 -1.028363357000000033e-01 1.657492436000000124e-01
4.503689039999999796e-03 -5.033047700000001234e-03 -1.037658743000000050e-01 1.163792065999999931e-01
5.204929201999999692e-03 -1.856664800000004667e-03 -1.044941632999999981e-01 1.026339873000000069e-01
5.931257611000000270e-03 1.356166900000010944e-03 -1.050056322000000042e-01 1.147773363999999990e-01
6.641083713000000069e-03 4.600088899999993375e-03 -1.052964076999999832e-01 1.362449427000000102e-01
7.293795875000000026e-03 7.868018799999987323e-03 -1.053747317000000017e-01 1.509987231999999902e-01
7.853299139000000095e-03 1.115216090000001325e-02 -1.052602542999999946e-01 1.490108297999999942e-01
8.291088364999999252e-03 1.444504110000000008e-02 -1.049822018999999884e-01 1.284328885999999892e-01
8.588731618000000623e-03 1.774041260000000508e-02 -1.045768320999999890e-01 9.378560120999999972e-02
8.739350760000000329e-03 2.103394529999999540e-02 -1.040841516999999883e-01 5.157891064999999692e-02
8.748088878000000179e-03 2.432358070000001371e-02 -1.035443501999999960e-01 8.095401243000000663e-03
8.631555509999999654e-03 2.760951159999999738e-02 -1.029942664999999868e-01 -3.034058537999999999e-02
8.416354539000000037e-03 3.089379089999999550e-02 -1.024641758000000014e-01 -5.943720445000000296e-02
8.136778674999999364e-03 3.417962169999999578e-02 -1.019751564999999971e-01 -7.610246549000000693e-02
7.831746132000000013e-03 3.747042850000001368e-02 -1.015374212000000054e-01 -7.863241257000000428e-02
7.541505970000000024e-03 4.076881820000000101e-02 -1.011495793999999948e-01 -6.655604246999999307e-02
7.304284827000000029e-03 4.407557630000000226e-02 -1.007988964000000043e-01 -3.864750235000000145e-02
7.153101735999999912e-03 4.738883120000000893e-02 -1.004624986999999858e-01 3.862576578999999798e-03
7.112955687000000089e-03 5.070351089999999838e-02 -1.001094089999999825e-01 5.445785865999999698e-02
7.198587034000000079e-03 5.401119649999999717e-02 -9.970328859999999516e-02 1.064147882999999933e-01
7.413049776000000049e-03 5.730044009999998855e-02 -9.920571129999999904e-02 1.527650607999999910e-01
7.747527413999999793e-03 6.055752950000001245e-02 -9.857972589999999813e-02 1.881604209999999944e-01
8.182063850000000776e-03 6.376760879999998632e-02 -9.779318879999998604e-02 2.088579103000000048e-01
8.687065526999999954e-03 6.691611510000000651e-02 -9.682173259999998782e-02 2.133861954999999866e-01
9.225894817999999442e-03 6.999030249999999009e-02 -9.565094679999999738e-02 2.020905927999999963e-01
9.758079858000000273e-03 7.298068590000000855e-02 -9.427761330000000717e-02 1.772982985000000067e-01
1.024284221999999939e-02 7.588225100000001166e-02 -9.270992679999998098e-02 1.461383843000000071e-01
1.064265078999999947e-02 7.869527319999999881e-02 -9.096667349999998375e-02 1.190909182000000066e-01
1.092646002999999970e-02 8.142560500000001200e-02 -8.907541480000000234e-02 1.057223565000000032e-01
1.107234569999999974e-02 8.408440040000000892e-02 -8.706993320000000480e-02 1.090648243000000017e-01
1.106936736999999948e-02 8.668729659999999115e-02 -8.498721700000000379e-02 1.238734243000000068e-01
1.091840539999999922e-02 8.925306980000000112e-02 -8.286420929999999130e-02 1.414129165000000132e-01
1.063197828999999997e-02 9.180190609999999696e-02 -8.073468519999998927e-02 1.565581410000000118e-01
1.023312206000000051e-02 9.435344090000000183e-02 -7.862652279999998717e-02 1.726476483000000117e-01
9.753438401000000257e-03 9.692473709999999132e-02 -7.655956469999999903e-02 1.985049995000000012e-01
9.230392198000000534e-03 9.952841390000000121e-02 -7.454427729999998919e-02 2.420026960999999976e-01
8.704106169999999837e-03 1.021711801999999891e-01 -7.258139119999998390e-02 3.024067375999999752e-01
8.214083278000000252e-03 1.048528522000000129e-01 -7.066239369999999242e-02 3.716745193000000058e-01
7.796056903000000288e-03 1.075659637999999974e-01 -6.877079070000000072e-02 4.367689606999999863e-01
7.479108998000000286e-03 1.102959617000000003e-01 -6.688390920000000794e-02 4.840887314999999802e-01
7.283032132999999950e-03 1.130219849999999915e-01 -6.497504249999999648e-02 5.037179362000000493e-01
7.216019435999999725e-03 1.157183740000000127e-01 -6.301591770000000703e-02 4.920868004000000240e-01
7.273582035999999647e-03 1.183570419999999956e-01 -6.097948619999998821e-02 4.527871256000000066e-01
7.440107732000000168e-03 1.209099423999999978e-01 -5.884228299999999523e-02 3.944390486000000084e-01
7.693287440000000019e-03 1.233499295999999912e-01 -5.658514400000000388e-02 3.284144304000000125e-01
8.008160823000000025e-03 1.256496641000000025e-01 -5.419267649999998104e-02 2.670096088999999728e-01
8.358682577999999516e-03 1.277803911000000014e-01 -5.165332119999999083e-02 2.195074113000000104e-01
8.718048230000000759e-03 1.297115849000000098e-01 -4.896040930000000735e-02 1.899657106000000040e-01
9.059563644000000540e-03 1.314127731999999993e-01 -4.611451839999999858e-02 1.772876412999999929e-01
9.365917132999999548e-03 1.328649892000000055e-01 -4.313006119999998611e-02 1.770251582000000046e-01
9.635024726000000414e-03 1.340635913000000068e-01 -4.003152399999998501e-02 1.833755773000000089e-01
9.865961204000000401e-03 1.350070718999999975e-01 -3.684299069999999454e-02 1.911412004999999970e-01
1.005823276000000072e-02 1.356964433999999775e-01 -3.358749329999999311e-02 1.973458587999999958e-01
1.021173780999999961e-02 1.361349535999999971e-01 -3.028675989999998763e-02 2.022655949000000120e-01
1.032672383000000048e-02 1.363277850999999874e-01 -2.696102429999999717e-02 2.075982456000000087e-01
1.040374215999999991e-02 1.362817528999999972e-01 -2.362889359999999217e-02 2.106130823000000041e-01
1.044360247000000047e-02 1.360050072000000276e-01 -2.030726979999999959e-02 2.069934160999999939e-01
1.044732823000000047e-02 1.355067517999999915e-01 -1.701131820000000017e-02 1.954053859999999865e-01
1.041611435999999918e-02 1.347969810999999907e-01 -1.375447599999998771e-02 1.757584976999999882e-01
1.035128786000000072e-02 1.338862411999999780e-01 -1.054849559999999908e-02 1.496501108000000135e-01
1.025427219000000015e-02 1.327854171999999777e-01 -7.403513000000000455e-03 1.186903827999999939e-01
1.012655559999999996e-02 1.315055472000000170e-01 -4.328137699999998200e-03 8.645491516000000654e-02
9.969663817999999469e-03 1.300576634000000231e-01 -1.329556299999992697e-03 6.095300599000000319e-02
9.785136862000000726e-03 1.284526595000000104e-01 1.586354679999998907e-03 4.531909641000000238e-02
9.574509914999999524e-03 1.267011820000000233e-01 4.414910580000000473e-03 3.970948053000000061e-02
9.339297903999999734e-03 1.248135438999999902e-01 7.152499880000010024e-03 4.486555491000000090e-02
9.080983476000000637e-03 1.227996590000000054e-01 9.796466619999999459e-03 5.911144970999999970e-02
8.801008008000000757e-03 1.206689925999999968e-01 1.234499695000000619e-02 7.956503286999999647e-02
8.500765278000000161e-03 1.184305293000000037e-01 1.479701102000000046e-02 1.028114443999999933e-01
8.181597428999999241e-03 1.160927525000000071e-01 1.715206178000000525e-02 1.253658746999999907e-01
7.844792854999999357e-03 1.136636354999999987e-01 1.941024102000001028e-02 1.442037251000000131e-01
7.491585664000000207e-03 1.111506412000000110e-01 2.157209339000000503e-02 1.571319337000000038e-01
7.123156396000000432e-03 1.085607301000000025e-01 2.363853836000000264e-02 1.629979457000000076e-01
6.740633686000000076e-03 1.059003726999999950e-01 2.561080008000000963e-02 1.617198383000000017e-01
6.345096623000000269e-03 1.031755672999999929e-01 2.749034486000000166e-02 1.541185764999999930e-01
5.937577571999999755e-03 1.003918608999999906e-01 2.927882593000000200e-02 1.415779883999999933e-01
5.519065253999999934e-03 9.755437200000000031e-02 3.097803512000001092e-02 1.256321616999999946e-01
5.090507941999999897e-03 9.466781530000001332e-02 3.258986071000000151e-02 1.076328983000000017e-01
4.652816607999999896e-03 9.173652690000000387e-02 3.411625124000000620e-02 8.863109875999999887e-02
4.206867950000000092e-03 8.876449000000000145e-02 3.555918442000000068e-02 6.949927699999999819e-02
3.753507193000000207e-03 8.575536000000000270e-02 3.692064084000000468e-02 5.117740746999999840e-02
3.293550618999999818e-03 8.271248980000001083e-02 3.820258186000000805e-02 3.484243618999999931e-02
2.827787788999999892e-03 7.963895349999999818e-02 3.940693119000000799e-02 2.185299610000000087e-02
2.356983430000000011e-03 7.653756959999999387e-02 4.053555979000000864e-02 1.346730246000000034e-02
1.881878980000000010e-03 7.341092339999999439e-02 4.159027360000000506e-02 1.046105833999999915e-02
1.403193808000000086e-03 7.026138760000000261e-02 4.257280382000000474e-02 1.280792132000000035e-02
9.216261087999999763e-04 6.709114259999998664e-02 4.348479932000000325e-02 1.954614919000000062e-02
4.378535244000000240e-04 6.390219450000000911e-02 4.432782083000000317e-02 2.889849507999999942e-02
-4.746647432000000033e-05 6.069639299999998738e-02 4.510333675000000736e-02 3.865352374000000091e-02
-5.336963807999999931e-04 5.747544739999999042e-02 4.581272013000000504e-02 4.672760086000000285e-02
-1.020218551999999999e-03 5.424094179999999765e-02 4.645724662000000338e-02 5.171185787000000256e-02
-1.506435135000000090e-03 5.099434910000000265e-02 4.703809322000000737e-02 5.315064351999999881e-02
-1.991767946999999876e-03 4.773704419999999504e-02 4.755633742000000413e-02 5.139695689999999872e-02
-2.475658217999999935e-03 4.447031560000000439e-02 4.801295677000000373e-02 4.713623196999999765e-02
-2.957566152999999837e-03 4.119537700000000524e-02 4.840882858000000732e-02 4.090143293000000208e-02
-3.436970229000000081e-03 3.791337780000000879e-02 4.874472971000000376e-02 3.292256714999999834e-02
-3.913366221000000138e-03 3.462541250000000792e-02 4.902133635000000683e-02 2.340332910999999919e-02
-4.386265918999999666e-03 3.133253010000000560e-02 4.923922370000000798e-02 1.295576573000000072e-02
-4.855195522999999728e-03 2.803574310000001013e-02 4.939886562000000286e-02 2.739903413000000214e-03
-5.319693747000000389e-03 2.473603529999998663e-02 4.950063411000000385e-02 -5.953795637999999626e-03
-5.779309617000000406e-03 2.143437040000001348e-02 4.954479862000000373e-02 -1.247574580000000016e-02
-6.233599997999999739e-03 1.813170000000000059e-02 4.953152526000000749e-02 -1.737127562999999861e-02
-6.682126870000000031e-03 1.482897089999998808e-02 4.946087587000000396e-02 -2.221714237999999897e-02
-7.124454363000000401e-03 1.152713340000000031e-02 4.933280689000000413e-02 -2.873433967000000103e-02
-7.560145592999999685e-03 8.227149299999986232e-03 4.914716818000000598e-02 -3.770739243000000018e-02
-7.988759301999999451e-03 4.929999800000001153e-03 4.890370178000000290e-02 -4.840502111000000163e-02
-8.409846353999999788e-03 1.636693900000013580e-03 4.860204061000000797e-02 -5.888480975999999673e-02
-8.822946110000000342e-03 -1.651722199999997032e-03 4.824170734000000210e-02 -6.701901060999999882e-02
-9.227582716000000407e-03 -4.934156800000005783e-03 4.782211339000000394e-02 -7.165787838999999881e-02
-9.623261362000000430e-03 -8.209462099999995099e-03 4.734255820000000253e-02 -7.327228716000000475e-02
-1.000946454000000048e-02 -1.147642449999999870e-02 4.680222902000000240e-02 -7.369924658000000239e-02
-1.038564839999999920e-02 -1.473375329999999928e-02 4.620020104000000655e-02 -7.509593555999999337e-02
-1.075123916000000034e-02 -1.798006900000000130e-02 4.553543835000000567e-02 -7.864344481000000442e-02
-1.110562977999999916e-02 -2.121389140000000395e-02 4.480679549000000234e-02 -8.369493037000000357e-02
-1.144817679999999942e-02 -2.443362559999999462e-02 4.401301996000000355e-02 -8.783748197000000590e-02
-1.177819744000000064e-02 -2.763754871000000113e-02 4.315275564000000535e-02 -8.785218572000000337e-02
-1.209496705000000054e-02 -3.082379425999999534e-02 4.222454740000000650e-02 -8.109046603000000242e-02
-1.239771685000000054e-02 -3.399033677000000420e-02 4.122684689000000874e-02 -6.659976116000000668e-02
-1.268563204000000035e-02 -3.713497464999999942e-02 4.015801979000000604e-02 -4.551150530999999860e-02
-1.295785030000000046e-02 -4.025531253000000365e-02 3.901635476000000352e-02 -2.061523331000000153e-02
-1.321346059000000003e-02 -4.334874249999999540e-02 3.780007411000000511e-02 4.565916217000000159e-03
-1.345150248000000041e-02 -4.641242449999999353e-02 3.650734675000000262e-02 2.672005126999999966e-02
-1.367096582999999949e-02 -4.944326590000000521e-02 3.513630339000001213e-02 4.335261232999999825e-02
-1.387079106999999922e-02 -5.243790028000000492e-02 3.368505447000000319e-02 5.297714505000000046e-02
-1.404986993999999927e-02 -5.539266572999999860e-02 3.215171102000000114e-02 5.505297422000000190e-02
-1.420704700000000043e-02 -5.830358258999999987e-02 3.053440877000000719e-02 4.987347165000000082e-02
-1.434112180000000035e-02 -6.116633106999999625e-02 2.883133587000000220e-02 3.846456000000000180e-02
-1.445085192999999955e-02 -6.397622881000000761e-02 2.704076449000000770e-02 2.238936220999999949e-02
-1.453495703000000014e-02 -6.672820899999999666e-02 2.516108672000000324e-02 3.352916934999999789e-03
-1.459212388000000020e-02 -6.941679910000000953e-02 2.319085510000000461e-02 -1.730614155999999834e-02
-1.462101264999999921e-02 -7.203610107999999790e-02 2.112882818000000329e-02 -3.893271141000000102e-02
-1.462026454999999954e-02 -7.457977355000000586e-02 1.897402151000000814e-02 -6.138337433999999787e-02
-1.458851098999999936e-02 -7.704101663000000044e-02 1.672576449000000298e-02 -8.438409081999999339e-02
-1.452438439000000060e-02 -7.941256057999999951e-02 1.438376330000000480e-02 -1.068505275000000004e-01
-1.442653097999999946e-02 -8.168665918000000969e-02 1.194817034000000833e-02 -1.267501326000000095e-01
-1.429362571999999963e-02 -8.385508919000000949e-02 9.419660240000002349e-03 -1.417707257999999970e-01
-1.412438952000000074e-02 -8.590915738999999052e-02 6.799512520000008942e-03 -1.504800289999999874e-01
-1.391760923999999996e-02 -8.783971680999999587e-02 4.089700610000010506e-03 -1.532655326000000040e-01
-1.367216041000000014e-02 -8.963719408999999694e-02 1.292986920000002704e-03 -1.524820027999999883e-01
-1.338703316999999976e-02 -9.129162991000000504e-02 -1.586976899999995028e-03 -1.524124292000000047e-01
-1.306136142999999965e-02 -9.279273483000000100e-02 -4.545545700000000466e-03 -1.551459263999999949e-01
-1.269445540999999955e-02 -9.412996273000000247e-02 -7.576974399999991672e-03 -1.607415641000000117e-01
-1.228583752000000050e-02 -9.529260416000000233e-02 -1.067431139999999723e-02 -1.681215805999999868e-01
-1.183528128999999929e-02 -9.626990168999999264e-02 -1.382929469999999439e-02 -1.756340882999999908e-01
-1.134285290999999946e-02 -9.705118912999999292e-02 -1.703225539999998761e-02 -1.816087288000000077e-01
-1.080895483000000011e-02 -9.762605606999999464e-02 -2.027203089999998764e-02 -1.846381833000000083e-01
-1.023437056999999990e-02 -9.798453856000000073e-02 -2.353589519999998991e-02 -1.837453870000000100e-01
-9.620309888000000420e-03 -9.811733613999999715e-02 -2.680951019999999740e-02 -1.779712687999999987e-01
-8.968452927999999783e-03 -9.801605408999999880e-02 -3.007690529999998419e-02 -1.673663891000000126e-01
-8.280991574000000008e-03 -9.767346832999999895e-02 -3.332049219999999590e-02 -1.536708129000000089e-01
-7.560665634999999898e-03 -9.708380849000000645e-02 -3.652112169999999214e-02 -1.394959439000000023e-01
-6.810791333999999600e-03 -9.624305267999999636e-02 -3.965818769999998605e-02 -1.308338814999999988e-01
-6.035279882999999672e-03 -9.514922606000000838e-02 -4.270978679999998251e-02 -1.332578608999999970e-01
-5.238644572999999645e-03 -9.380269336999999541e-02 -4.565293460000000025e-02 -1.513999406000000048e-01
-4.426025150000000366e-03 -9.220644117000000028e-02 -4.846386829999999035e-02 -1.844402026999999999e-01
-3.609989117000000046e-03 -9.037175145999999659e-02 -5.112434509999999599e-02 -2.293839165999999874e-01
-2.816308741000000081e-03 -8.832608321999999013e-02 -5.363356919999998085e-02 -2.816102495000000205e-01
-2.071163759000000000e-03 -8.609980127999999899e-02 -5.599999910000000303e-02 -3.331208321999999944e-01
-1.399198869999999928e-03 -8.372182717999999968e-02 -5.823736209999999525e-02 -3.762417753999999781e-01
-8.235017409999999954e-04 -8.121949810000000936e-02 -6.036325069999998183e-02 -4.062982701000000252e-01
-3.648487392999999902e-04 -7.861948804999999152e-02 -6.239852669999998436e-02 -4.172751804000000009e-01
-3.867173431999999854e-05 -7.594918994999999562e-02 -6.436731179999999330e-02 -4.040040951000000158e-01
1.496253781000000038e-04 -7.323682222999999825e-02 -6.629626019999998454e-02 -3.651696594000000129e-01
2.072833359000000083e-04 -7.050941726999999937e-02 -6.821235609999998228e-02 -3.047585915000000090e-01
1.535325372999999901e-04 -6.779025932999999116e-02 -7.014031060000000539e-02 -2.340330948000000078e-01
1.736160615000000043e-05 -6.509692412999999733e-02 -7.210023599999998423e-02 -1.704644845000000131e-01
-1.653496337999999964e-04 -6.244019832000000103e-02 -7.410583889999999840e-02 -1.271279321000000073e-01
-3.548647785999999938e-04 -5.982361865999999417e-02 -7.616293309999999650e-02 -1.094517460000000025e-01
-5.108221015999999748e-04 -5.724358621000000258e-02 -7.826842019999999400e-02 -1.181507241000000069e-01
-5.955543804000000031e-04 -5.469009000999999759e-02 -8.040997789999998480e-02 -1.509153833999999916e-01
-5.773806895000000144e-04 -5.214791575999999651e-02 -8.256649239999999668e-02 -2.010258833000000134e-01
-4.333190510000000024e-04 -4.959838081999999593e-02 -8.470946529999998087e-02 -2.562986881000000050e-01
-1.510999424999999994e-04 -4.702129600000000409e-02 -8.680513839999998149e-02 -3.008205122000000009e-01
2.697325276999999744e-04 -4.439696486999999969e-02 -8.881717329999999633e-02 -3.214644271000000053e-01
8.176807452000000058e-04 -4.170803114000000422e-02 -9.070967189999998292e-02 -3.132889004000000144e-01
1.470155435999999892e-03 -3.894101697000000584e-02 -9.245030169999998715e-02 -2.784714754000000014e-01
2.195384678000000204e-03 -3.608739293000000348e-02 -9.401316939999998512e-02 -2.225491430000000048e-01
2.955125136000000177e-03 -3.314411737000000358e-02 -9.538119849999998623e-02 -1.523322944000000123e-01
3.707953831000000092e-03 -3.011363324000000674e-02 -9.654781509999998956e-02 -7.496589206999999810e-02
4.412879255000000042e-03 -2.700330241999999992e-02 -9.751766000000000600e-02 3.514908835999999877e-03
5.032912750000000102e-03 -2.382438530000000054e-02 -9.830627119999998942e-02 7.729422165999999539e-02
5.538291037999999722e-03 -2.059071060000000619e-02 -9.893877739999998311e-02 1.367005644000000020e-01
5.909086043000000288e-03 -1.731718949999999646e-02 -9.944770619999998562e-02 1.724346478000000071e-01
6.136825064999999572e-03 -1.401832009999999518e-02 -9.987005190000000643e-02 1.813308660000000072e-01
6.225026376999999618e-03 -1.070689560000000207e-02 -1.002439643999999963e-01 1.646135294999999943e-01
6.188900736999999874e-03 -7.393049200000001431e-03 -1.006052823999999957e-01 1.274893437999999879e-01
6.053998472999999950e-03 -4.083683099999999011e-03 -1.009842142000000054e-01 7.687927406000000241e-02
5.853849260999999769e-03 -7.823636999999966646e-04 -1.014026674999999877e-01 2.197490121000000157e-02
5.627036347000000105e-03 2.510349100000003331e-03 -1.018723009999999984e-01 -2.554777038000000111e-02
5.413932205000000254e-03 5.796222099999998045e-03 -1.023934152000000042e-01 -5.543294314999999695e-02
5.253311543999999653e-03 9.078429199999987764e-03 -1.029547702999999981e-01 -6.264412429000000559e-02
5.179100100000000317e-03 1.236051260000001206e-02 -1.035344122999999894e-01 -4.880306322999999891e-02
5.217320364000000397e-03 1.564538230000001029e-02 -1.041013466999999859e-01 -2.052682512000000153e-02
5.383838043000000427e-03 1.893445690000000736e-02 -1.046181934000000036e-01 1.340186091999999961e-02
5.682957441999999734e-03 2.222707449999999918e-02 -1.050444231000000062e-01 4.421673124000000121e-02
6.106975720000000322e-03 2.552024820000001193e-02 -1.053399007999999970e-01 6.605689404999999514e-02
6.636723219999999743e-03 2.880880339999999928e-02 -1.054684576999999901e-01 7.635678699999999541e-02
7.243113930000000429e-03 3.208588390000000068e-02 -1.054011703999999938e-01 7.291978873000000416e-02
7.889658702000000579e-03 3.534374319999999958e-02 -1.051189205999999987e-01 5.512116178999999783e-02
8.535582098000000367e-03 3.857473450000001303e-02 -1.046141842999999960e-01 2.615338567000000114e-02
9.139367408999999470e-03 4.177236509999998626e-02 -1.038917316999999896e-01 -7.078134070999999965e-03
9.662371363999999740e-03 4.493226640000000383e-02 -1.029681608999999942e-01 -3.568778627000000064e-02
1.007217587000000004e-02 4.805294530000001063e-02 -1.018703646999999934e-01 -5.185246604999999703e-02
1.034540463999999993e-02 5.113621379999999661e-02 -1.006330930000000068e-01 -5.091977798999999805e-02
1.046976387999999994e-02 5.418721779999999266e-02 -9.929582039999998444e-02 -3.152586904000000134e-02
1.044487933000000021e-02 5.721403340000000282e-02 -9.789921179999999667e-02 3.603146175999999944e-03
1.028220627999999921e-02 6.022684689999999175e-02 -9.648161619999998107e-02 4.871640073999999876e-02
1.000411969999999949e-02 6.323674989999999996e-02 -9.507572479999998327e-02 9.670314031000000476e-02
9.641861411999999923e-03 6.625436830000000499e-02 -9.370592540000000081e-02 1.414207718999999919e-01
9.232793329000000410e-03 6.928843639999998638e-02 -9.238651989999999148e-02 1.779127296999999941e-01
8.817243762000000207e-03 7.234444049999999571e-02 -9.112084719999999360e-02 2.016391928000000056e-01
8.435165651000000112e-03 7.542348009999999547e-02 -8.990132689999999482e-02 2.085547594000000116e-01
8.122836406000000578e-03 7.852150039999999942e-02 -8.871042569999998406e-02 1.971452140000000131e-01
7.909784475000000703e-03 8.162899860000000229e-02 -8.752243230000000818e-02 1.699260344999999894e-01
7.816210510999999778e-03 8.473131570000000390e-02 -8.630595409999999856e-02 1.309008064999999943e-01
7.851274868000000101e-03 8.780953729999999013e-02 -8.502692279999998770e-02 8.428404549000000079e-02
8.012320211000000317e-03 9.084190750000001313e-02 -8.365176959999998108e-02 3.432876442999999861e-02
8.285051523000000820e-03 9.380564639999999788e-02 -8.215050179999999758e-02 -1.794472349999999897e-02
8.644686974000000829e-03 9.667902589999999297e-02 -8.049943219999999844e-02 -7.121607436999999319e-02
9.058065710000000326e-03 9.944348010000000904e-02 -7.868327869999999780e-02 -1.219878051999999935e-01
9.486521617999999628e-03 1.020854881000000103e-01 -7.669641239999999693e-02 -1.654689386000000040e-01
9.889215603000000437e-03 1.045980797999999934e-01 -7.454324069999998525e-02 -1.973724366999999869e-01
1.022664595000000003e-02 1.069817210000000018e-01 -7.223761349999999193e-02 -2.153121600000000024e-01
1.046398852000000011e-02 1.092445039000000118e-01 -6.980139320000000591e-02 -2.192982584000000013e-01
1.057407273000000002e-02 1.114016966999999969e-01 -6.726243360000000449e-02 -2.112437138999999908e-01
1.053995119999999973e-02 1.134747145999999984e-01 -6.465214119999998510e-02 -1.952902220999999938e-01
1.035680894000000005e-02 1.154894617999999984e-01 -6.200265839999999362e-02 -1.774332063000000070e-01
1.003266398000000025e-02 1.174740348999999962e-01 -5.934385810000000760e-02 -1.626695767000000126e-01
9.586245367000000017e-03 1.194563180000000058e-01 -5.670106889999998456e-02 -1.542065049999999937e-01
9.042056084999999799e-03 1.214629680000000045e-01 -5.409522769999999814e-02 -1.499964887000000135e-01
8.426416052999999295e-03 1.235197362999999882e-01 -5.154496459999999280e-02 -1.435720043000000001e-01
7.766193828000000389e-03 1.256514248000000222e-01 -4.906848780000000465e-02 -1.310073918999999920e-01
7.088708309000000055e-03 1.278809745999999747e-01 -4.668465189999998488e-02 -1.124676027999999967e-01
6.420631284999999723e-03 1.302261825000000095e-01 -4.441178109999999180e-02 -8.991217559000000414e-02
5.775025292000000171e-03 1.326873004999999939e-01 -4.225810199999999184e-02 -6.666906123000000683e-02
5.154096918000000173e-03 1.352559688000000149e-01 -4.022618179999998267e-02 -4.670274798000000060e-02
4.559932216000000052e-03 1.379240352000000169e-01 -3.831810429999998879e-02 -3.241475779999999918e-02
3.994500245999999671e-03 1.406835781999999924e-01 -3.653551199999999222e-02 -2.516535069000000110e-02
3.459662982000000046e-03 1.435269171999999926e-01 -3.487965839999998541e-02 -2.498633790999999979e-02
2.957185088999999840e-03 1.464466153000000270e-01 -3.335145509999998259e-02 -3.066874907000000094e-02
2.488743496000000045e-03 1.494354790999999905e-01 -3.195151720000000140e-02 -4.039801929000000347e-02
2.055936704000000184e-03 1.524865525999999916e-01 -3.068020320000000578e-02 -5.257150839000000048e-02
1.660293831999999897e-03 1.555931085000000214e-01 -2.953765219999998637e-02 -6.610395707999999759e-02
1.303283362999999983e-03 1.587486370999999785e-01 -2.852381709999998738e-02 -7.980745260999999591e-02
9.863214240999999827e-04 1.619468311999999743e-01 -2.763849420000000223e-02 -9.138439693000000030e-02
7.107793846999999705e-04 1.651815708000000105e-01 -2.688134929999999589e-02 -9.706233364999999891e-02
4.779905652999999759e-04 1.684469049000000274e-01 -2.625194009999998190e-02 -9.248784149000000010e-02
2.892559987999999906e-04 1.717370328000000224e-01 -2.574973499999999582e-02 -7.485224416999999852e-02
1.458492788999999972e-04 1.750462837000000271e-01 -2.537412899999999527e-02 -4.584013298999999736e-02
4.902059145000000050e-05 1.783690968000000154e-01 -2.512445620000000601e-02 -1.465253300999999966e-02
0.000000000000000000e+00 1.816999999999999726e-01 -2.499999999999999445e-02 0.000000000000000000e+00
0.000000000000000000e+00 1.849799999999999778e-01 -2.499999999999999445e-02 0.000000000000000000e+00
