0.000000000000000000e+00 0.000000000000000000e+00 0.000000000000000000e+00
0.000000000000000000e+00 0.000000000000000000e+00 2.192467698388455932e-07
0.000000000000000000e+00 0.000000000000000000e+00 8.749704912373002905e-07
0.000000000000000000e+00 0.000000000000000000e+00 1.964146284134159155e-06
0.000000000000000000e+00 0.000000000000000000e+00 3.483749275787268328e-06
0.000000000000000000e+00 0.000000000000000000e+00 5.430754609183830440e-06
0.000000000000000000e+00 0.000000000000000000e+00 7.802137454779288031e-06
0.000000000000000000e+00 0.000000000000000000e+00 1.059487302553551442e-05
0.000000000000000000e+00 0.000000000000000000e+00 1.380593659524058203e-05
0.000000000000000000e+00 0.000000000000000000e+00 1.743230352008087302e-05
0.000000000000000000e+00 0.000000000000000000e+00 2.147094926345016942e-05
0.000000000000000000e+00 0.000000000000000000e+00 2.591884942396320283e-05
0.000000000000000000e+00 0.000000000000000000e+00 3.077297976665543711e-05
0.000000000000000000e+00 0.000000000000000000e+00 3.603031625734727462e-05
0.000000000000000000e+00 0.000000000000000000e+00 4.168783510014419032e-05
0.000000000000000000e+00 0.000000000000000000e+00 4.774251277805574605e-05
0.000000000000000000e+00 0.000000000000000000e+00 5.419132609670008170e-05
0.000000000000000000e+00 0.000000000000000000e+00 6.103125223108603955e-05
0.000000000000000000e+00 0.000000000000000000e+00 6.825926877543316885e-05
0.000000000000000000e+00 0.000000000000000000e+00 7.587235379601675622e-05
0.000000000000000000e+00 0.000000000000000000e+00 8.386748588701093917e-05
0.000000000000000000e+00 0.000000000000000000e+00 9.224164422930633523e-05
0.000000000000000000e+00 0.000000000000000000e+00 1.009918086522833551e-04
0.000000000000000000e+00 0.000000000000000000e+00 1.101149596985064245e-04
0.000000000000000000e+00 0.000000000000000000e+00 1.196080786913323240e-04
0.000000000000000000e+00 0.000000000000000000e+00 1.294681478053927499e-04
0.000000000000000000e+00 0.000000000000000000e+00 1.396921501399402111e-04
0.000000000000000000e+00 0.000000000000000000e+00 1.502770697950278958e-04
0.000000000000000000e+00 0.000000000000000000e+00 1.612198919504997496e-04
0.000000000000000000e+00 0.000000000000000000e+00 1.725176029477732136e-04
0.000000000000000000e+00 0.000000000000000000e+00 1.841671903743824100e-04
0.000000000000000000e+00 0.000000000000000000e+00 1.961656431512662831e-04
0.000000000000000000e+00 0.000000000000000000e+00 2.085099516227753233e-04
0.000000000000000000e+00 0.000000000000000000e+00 2.211971076493725059e-04
0.000000000000000000e+00 0.000000000000000000e+00 2.342241047030095536e-04
0.000000000000000000e+00 0.000000000000000000e+00 2.475879379651454537e-04
0.000000000000000000e+00 0.000000000000000000e+00 2.612856044274015650e-04
0.000000000000000000e+00 0.000000000000000000e+00 2.753141029948067754e-04
0.000000000000000000e+00 0.000000000000000000e+00 2.896704345916324393e-04
0.000000000000000000e+00 0.000000000000000000e+00 3.043516022697784424e-04
0.000000000000000000e+00 0.000000000000000000e+00 3.193546113196903363e-04
0.000000000000000000e+00 0.000000000000000000e+00 3.346764693837938828e-04
0.000000000000000000e+00 0.000000000000000000e+00 3.503141865724065658e-04
0.000000000000000000e+00 0.000000000000000000e+00 3.662647755821207590e-04
0.000000000000000000e+00 0.000000000000000000e+00 3.825252518166248855e-04
0.000000000000000000e+00 0.000000000000000000e+00 3.990926335099364924e-04
0.000000000000000000e+00 0.000000000000000000e+00 4.159639418520412251e-04
0.000000000000000000e+00 0.000000000000000000e+00 4.331362011168898331e-04
0.000000000000000000e+00 0.000000000000000000e+00 4.506064387927545068e-04
0.000000000000000000e+00 0.000000000000000000e+00 4.683716857149043786e-04
0.000000000000000000e+00 0.000000000000000000e+00 4.864289762005847900e-04
0.000000000000000000e+00 0.000000000000000000e+00 5.047753481862772866e-04
0.000000000000000000e+00 0.000000000000000000e+00 5.234078433672113926e-04
0.000000000000000000e+00 0.000000000000000000e+00 5.423235073391187867e-04
0.000000000000000000e+00 0.000000000000000000e+00 5.615193897421887331e-04
0.000000000000000000e+00 0.000000000000000000e+00 5.809925444072169083e-04
0.000000000000000000e+00 0.000000000000000000e+00 6.007400295039185120e-04
0.000000000000000000e+00 0.000000000000000000e+00 6.207589076913822435e-04
0.000000000000000000e+00 0.000000000000000000e+00 6.410462462706462789e-04
0.000000000000000000e+00 0.000000000000000000e+00 6.615991173393668667e-04
0.000000000000000000e+00 0.000000000000000000e+00 6.824145979485681576e-04
0.000000000000000000e+00 0.000000000000000000e+00 7.034897702614353225e-04
0.000000000000000000e+00 0.000000000000000000e+00 7.248217217141452113e-04
0.000000000000000000e+00 0.000000000000000000e+00 7.464075451786941111e-04
0.000000000000000000e+00 0.000000000000000000e+00 7.682443391277205469e-04
0.000000000000000000e+00 0.000000000000000000e+00 7.903292078012791018e-04
0.000000000000000000e+00 0.000000000000000000e+00 8.126592613755598401e-04
0.000000000000000000e+00 0.000000000000000000e+00 8.352316161335213455e-04
0.000000000000000000e+00 0.000000000000000000e+00 8.580433946374239331e-04
0.000000000000000000e+00 0.000000000000000000e+00 8.810917259032231353e-04
0.000000000000000000e+00 0.000000000000000000e+00 9.043737455768272558e-04
0.000000000000000000e+00 0.000000000000000000e+00 9.278865961121712889e-04
0.000000000000000000e+00 0.000000000000000000e+00 9.516274269511049242e-04
0.000000000000000000e+00 0.000000000000000000e+00 9.755933947050569096e-04
0.000000000000000000e+00 0.000000000000000000e+00 9.997816633384654702e-04
0.000000000000000000e+00 0.000000000000000000e+00 1.024189404353946379e-03
0.000000000000000000e+00 0.000000000000000000e+00 1.048813796979181003e-03
0.000000000000000000e+00 0.000000000000000000e+00 1.073652028355497013e-03
0.000000000000000000e+00 0.000000000000000000e+00 1.098701293728122875e-03
0.000000000000000000e+00 0.000000000000000000e+00 1.123958796638098358e-03
0.000000000000000000e+00 0.000000000000000000e+00 1.149421749115813731e-03
0.000000000000000000e+00 0.000000000000000000e+00 1.175087371876154876e-03
0.000000000000000000e+00 0.000000000000000000e+00 1.200952894515240014e-03
0.000000000000000000e+00 0.000000000000000000e+00 1.227015555708720279e-03
0.000000000000000000e+00 0.000000000000000000e+00 1.253272603411626591e-03
0.000000000000000000e+00 0.000000000000000000e+00 1.279721295059737651e-03
0.000000000000000000e+00 0.000000000000000000e+00 1.306358897772447831e-03
0.000000000000000000e+00 0.000000000000000000e+00 1.333182688557124976e-03
0.000000000000000000e+00 0.000000000000000000e+00 1.360189954514915171e-03
0.000000000000000000e+00 0.000000000000000000e+00 1.387377993047996232e-03
0.000000000000000000e+00 0.000000000000000000e+00 1.414744112068243255e-03
0.000000000000000000e+00 0.000000000000000000e+00 1.442285630207293000e-03
0.000000000000000000e+00 0.000000000000000000e+00 1.469999877027985003e-03
0.000000000000000000e+00 0.000000000000000000e+00 1.497884193237156419e-03
0.000000000000000000e+00 0.000000000000000000e+00 1.525935930899770428e-03
0.000000000000000000e+00 0.000000000000000000e+00 1.554152453654360872e-03
0.000000000000000000e+00 0.000000000000000000e+00 1.582531136929769475e-03
0.000000000000000000e+00 0.000000000000000000e+00 1.611069368163160894e-03
0.000000000000000000e+00 0.000000000000000000e+00 1.639764547019277466e-03
0.000000000000000000e+00 0.000000000000000000e+00 1.668614085610942935e-03
0.000000000000000000e+00 0.000000000000000000e+00 1.697615408720769877e-03
0.000000000000000000e+00 0.000000000000000000e+00 1.726765954024059085e-03
0.000000000000000000e+00 0.000000000000000000e+00 1.756063172312877056e-03
0.000000000000000000e+00 0.000000000000000000e+00 1.785504527721282729e-03
0.000000000000000000e+00 0.000000000000000000e+00 1.815087497951686345e-03
0.000000000000000000e+00 0.000000000000000000e+00 1.844809574502326126e-03
0.000000000000000000e+00 0.000000000000000000e+00 1.874668262895835434e-03
0.000000000000000000e+00 0.000000000000000000e+00 1.904661082908888073e-03
0.000000000000000000e+00 0.000000000000000000e+00 1.934785568802894606e-03
0.000000000000000000e+00 0.000000000000000000e+00 1.965039269555742332e-03
0.000000000000000000e+00 0.000000000000000000e+00 1.995419749094540750e-03
0.000000000000000000e+00 0.000000000000000000e+00 2.025924586529379880e-03
0.000000000000000000e+00 0.000000000000000000e+00 2.056551376388059387e-03
0.000000000000000000e+00 0.000000000000000000e+00 2.087297728851774184e-03
0.000000000000000000e+00 0.000000000000000000e+00 2.118161269991758466e-03
0.000000000000000000e+00 0.000000000000000000e+00 2.149139642006831375e-03
0.000000000000000000e+00 0.000000000000000000e+00 2.180230503461873769e-03
0.000000000000000000e+00 0.000000000000000000e+00 2.211431529527167154e-03
0.000000000000000000e+00 0.000000000000000000e+00 2.242740412218619060e-03
0.000000000000000000e+00 0.000000000000000000e+00 2.274154860638829320e-03
0.000000000000000000e+00 0.000000000000000000e+00 2.305672601219002030e-03
0.000000000000000000e+00 0.000000000000000000e+00 2.337291377961658520e-03
0.000000000000000000e+00 0.000000000000000000e+00 2.369008952684156961e-03
0.000000000000000000e+00 0.000000000000000000e+00 2.400823105262991312e-03
0.000000000000000000e+00 0.000000000000000000e+00 2.432731633878852662e-03
0.000000000000000000e+00 0.000000000000000000e+00 2.464732355262439552e-03
0.000000000000000000e+00 0.000000000000000000e+00 2.496823104940996442e-03
0.000000000000000000e+00 0.000000000000000000e+00 2.529001737485555169e-03
0.000000000000000000e+00 0.000000000000000000e+00 2.561266126758890687e-03
0.000000000000000000e+00 0.000000000000000000e+00 2.593614166164139468e-03
0.000000000000000000e+00 0.000000000000000000e+00 2.626043768894088370e-03
0.000000000000000000e+00 0.000000000000000000e+00 2.658552868181109259e-03
0.000000000000000000e+00 0.000000000000000000e+00 2.691139417547718134e-03
0.000000000000000000e+00 0.000000000000000000e+00 2.723801391057760913e-03
0.000000000000000000e+00 0.000000000000000000e+00 2.756536783568179928e-03
0.000000000000000000e+00 0.000000000000000000e+00 2.789343610981381057e-03
0.000000000000000000e+00 0.000000000000000000e+00 2.822219910498156847e-03
0.000000000000000000e+00 0.000000000000000000e+00 2.855163740871166905e-03
0.000000000000000000e+00 0.000000000000000000e+00 2.888173182658948686e-03
0.000000000000000000e+00 0.000000000000000000e+00 2.921246338480459979e-03
0.000000000000000000e+00 0.000000000000000000e+00 2.954381333270117080e-03
0.000000000000000000e+00 0.000000000000000000e+00 2.987576314533336042e-03
0.000000000000000000e+00 0.000000000000000000e+00 3.020829452602546636e-03
0.000000000000000000e+00 0.000000000000000000e+00 3.054138940893666877e-03
0.000000000000000000e+00 0.000000000000000000e+00 3.087502996163032053e-03
0.000000000000000000e+00 0.000000000000000000e+00 3.120919858764753963e-03
0.000000000000000000e+00 0.000000000000000000e+00 3.154387792908510367e-03
0.000000000000000000e+00 0.000000000000000000e+00 3.187905086917735588e-03
0.000000000000000000e+00 0.000000000000000000e+00 3.221470053488200130e-03
0.000000000000000000e+00 0.000000000000000000e+00 3.255081029946991882e-03
0.000000000000000000e+00 0.000000000000000000e+00 3.288736378511839930e-03
0.000000000000000000e+00 0.000000000000000000e+00 3.322434486550817408e-03
0.000000000000000000e+00 0.000000000000000000e+00 3.356173766842364837e-03
0.000000000000000000e+00 0.000000000000000000e+00 3.389952657835666478e-03
0.000000000000000000e+00 0.000000000000000000e+00 3.423769623911328535e-03
0.000000000000000000e+00 0.000000000000000000e+00 3.457623155642364395e-03
0.000000000000000000e+00 0.000000000000000000e+00 3.491511770055494290e-03
0.000000000000000000e+00 0.000000000000000000e+00 3.525434010892687393e-03
0.000000000000000000e+00 0.000000000000000000e+00 3.559388448873023521e-03
0.000000000000000000e+00 0.000000000000000000e+00 3.593373681954770832e-03
0.000000000000000000e+00 0.000000000000000000e+00 3.627388335597745393e-03
0.000000000000000000e+00 0.000000000000000000e+00 3.661431063025891077e-03
0.000000000000000000e+00 0.000000000000000000e+00 3.695500545490086695e-03
0.000000000000000000e+00 0.000000000000000000e+00 3.729595492531181684e-03
0.000000000000000000e+00 0.000000000000000000e+00 3.763714642243221314e-03
0.000000000000000000e+00 0.000000000000000000e+00 3.797856761536894804e-03
0.000000000000000000e+00 0.000000000000000000e+00 3.832020646403133928e-03
0.000000000000000000e+00 0.000000000000000000e+00 3.866205122176927158e-03
0.000000000000000000e+00 0.000000000000000000e+00 3.900409043801274320e-03
0.000000000000000000e+00 0.000000000000000000e+00 3.934631296091310390e-03
0.000000000000000000e+00 0.000000000000000000e+00 3.968870793998588442e-03
0.000000000000000000e+00 0.000000000000000000e+00 4.003126482875483602e-03
0.000000000000000000e+00 0.000000000000000000e+00 4.037397338739749653e-03
0.000000000000000000e+00 0.000000000000000000e+00 4.071682368539191431e-03
0.000000000000000000e+00 0.000000000000000000e+00 4.105980610416456490e-03
0.000000000000000000e+00 0.000000000000000000e+00 4.140291133973937783e-03
0.000000000000000000e+00 0.000000000000000000e+00 4.174613040538769151e-03
0.000000000000000000e+00 0.000000000000000000e+00 4.208945463427932708e-03
0.000000000000000000e+00 0.000000000000000000e+00 4.243287568213438207e-03
0.000000000000000000e+00 0.000000000000000000e+00 4.277638552987600429e-03
0.000000000000000000e+00 0.000000000000000000e+00 4.311997648628365133e-03
0.000000000000000000e+00 0.000000000000000000e+00 4.346364119064732162e-03
0.000000000000000000e+00 0.000000000000000000e+00 4.380737261542228846e-03
0.000000000000000000e+00 0.000000000000000000e+00 4.415116406888431981e-03
0.000000000000000000e+00 0.000000000000000000e+00 4.449500919778559202e-03
0.000000000000000000e+00 0.000000000000000000e+00 4.483890199001091571e-03
0.000000000000000000e+00 0.000000000000000000e+00 4.518283677723449084e-03
0.000000000000000000e+00 0.000000000000000000e+00 4.552680823757687852e-03
0.000000000000000000e+00 0.000000000000000000e+00 4.587081139826253671e-03
0.000000000000000000e+00 0.000000000000000000e+00 4.621484163827737322e-03
0.000000000000000000e+00 0.000000000000000000e+00 4.655889469102673234e-03
0.000000000000000000e+00 0.000000000000000000e+00 4.690296664699349430e-03
0.000000000000000000e+00 0.000000000000000000e+00 4.724705395639643493e-03
0.000000000000000000e+00 0.000000000000000000e+00 4.759115343184869805e-03
0.000000000000000000e+00 0.000000000000000000e+00 4.793526225101619846e-03
0.000000000000000000e+00 0.000000000000000000e+00 4.827937795927649337e-03
0.000000000000000000e+00 0.000000000000000000e+00 4.862349847237747158e-03
0.000000000000000000e+00 0.000000000000000000e+00 4.896762207909611218e-03
0.000000000000000000e+00 0.000000000000000000e+00 4.931174744389733855e-03
0.000000000000000000e+00 0.000000000000000000e+00 4.965587360959282902e-03
0.000000000000000000e+00 0.000000000000000000e+00 5.000000000000000104e-03
