0.000000000000000000e+00 -0.000000000000000000e+00
3.325000000000002259e-02 1.654936354862302709e-04
6.650000000000004519e-02 3.264738471035019034e-04
9.975000000000007472e-02 4.785503032997361875e-04
1.329999999999992022e-01 6.175755001223691724e-04
1.662499999999955402e-01 7.397578739871990853e-04
1.994999999999918783e-01 8.417652070663607638e-04
2.327499999999882163e-01 9.208155051727333557e-04
2.659999999999845821e-01 9.747528696744859169e-04
2.992499999999809202e-01 1.002106294223515130e-03
3.324999999999772582e-01 1.002129782764477192e-03
3.657499999999735962e-01 9.748226947063233635e-04
3.989999999999699343e-01 9.209297623928163227e-04
4.322499999999662723e-01 8.419207803955550519e-04
4.654999999999626104e-01 7.399505205531113194e-04
4.987499999999589484e-01 6.177999659730490931e-04
5.319999999999694973e-01 4.788004666919906454e-04
5.652499999999806013e-01 3.267428854581812606e-04
5.984999999999917053e-01 1.657742114569214602e-04
6.317500000000028093e-01 2.844615807515263907e-07
6.650000000000139133e-01 -1.652130462716366334e-04
6.982500000000250173e-01 -3.262047826222057799e-04
7.315000000000361213e-01 -4.783001016106763867e-04
7.647500000000472253e-01 -6.173509848491328181e-04
7.980000000000583293e-01 -7.395651682208023844e-04
8.312500000000694333e-01 -8.416095663732807387e-04
8.645000000000805374e-01 -9.207011742625242304e-04
8.977500000000916414e-01 -9.746829666359729154e-04
9.310000000001027454e-01 -1.002082725486741488e-03
9.642500000001138494e-01 -1.002153191107606287e-03
9.975000000001249534e-01 -9.748924417254777996e-04
1.030750000000108635e+00 -9.210439459129973142e-04
1.064000000000090207e+00 -8.420762863476340598e-04
1.097250000000071779e+00 -7.401431079022562131e-04
1.130500000000053351e+00 -6.180243823823171117e-04
1.163750000000034923e+00 -4.790505917667069419e-04
1.197000000000016495e+00 -3.270118976642417030e-04
1.230249999999998067e+00 -1.660547741610742824e-04
1.263499999999979639e+00 -5.689231388678561300e-07
1.296749999999961211e+00 1.649324438351576310e-04
1.329999999999942784e+00 3.259356920351085961e-04
1.363249999999924356e+00 4.780498616438916834e-04
1.396499999999905928e+00 6.171264201702047949e-04
1.429749999999887500e+00 7.393724032681965814e-04
1.462999999999869072e+00 8.414538583276832701e-04
1.496249999999850644e+00 9.205867696704214025e-04
1.529499999999832216e+00 9.746129855957451262e-04
1.562749999999813788e+00 1.002059076555803603e-03
1.595999999999795360e+00 1.002176519251289557e-03
1.629249999999776932e+00 9.749621107272155984e-04
1.662499999999758504e+00 9.211580557254818924e-04
1.695749999999740076e+00 8.422317249119006151e-04
1.728999999999721648e+00 7.403356360212873461e-04
1.762249999999703221e+00 6.182487493345033627e-04
1.795499999999684793e+00 4.793006785061152200e-04
1.828749999999666365e+00 3.272808837022426727e-04
1.861999999999647937e+00 1.663353235780682152e-04
1.895249999999629509e+00 8.533846530900754689e-07
1.928499999999611081e+00 -1.646518281981109008e-04
1.961749999999592653e+00 -3.256665753629844244e-04
1.994999999999574225e+00 -4.777995834190104196e-04
2.028249999999605979e+00 -6.169018061036784855e-04
2.061499999999646615e+00 -7.391795791453631415e-04
2.094749999999687251e+00 -8.412980829428404021e-04
2.127999999999727887e+00 -9.204722914064424662e-04
2.161249999999768523e+00 -9.745429265600936324e-04
2.194499999999809159e+00 -1.002035347432882889e-03
2.227749999999849795e+00 -1.002199767193320216e-03
2.260999999999890431e+00 -9.750317017047854329e-04
2.294249999999931067e+00 -9.212720918191087379e-04
2.327499999999971703e+00 -8.423870960730317969e-04
2.360750000000012339e+00 -7.405281048910735374e-04
2.394000000000052975e+00 -6.184730668071403582e-04
2.427250000000093610e+00 -4.795507268850394923e-04
2.460500000000134246e+00 -3.275498435449652199e-04
2.493750000000174882e+00 -1.666158596793657293e-04
2.527000000000215518e+00 -1.137846094337424528e-06
2.560250000000256154e+00 1.643711993893274116e-04
2.593500000000296790e+00 3.253974326336255408e-04
2.626750000000337426e+00 4.775492669620073146e-04
2.660000000000378062e+00 6.166771426723876215e-04
2.693250000000418698e+00 7.389866958714038639e-04
2.726500000000459334e+00 8.411422402337798273e-04
2.759750000000499970e+00 9.203577394813367441e-04
2.793000000000540606e+00 9.744727895354160941e-04
2.826250000000581242e+00 1.002011538120085952e-03
2.859500000000621878e+00 1.002222934931699429e-03
2.892750000000662514e+00 9.751012146523784733e-04
2.926000000000703150e+00 9.213860541846005496e-04
2.959250000000743785e+00 8.425423998187079244e-04
2.992500000000784421e+00 7.407205144967546036e-04
3.025750000000825057e+00 6.186973347833739584e-04
3.059000000000865693e+00 4.798007368852091089e-04
3.092250000000906329e+00 3.278187771733138338e-04
3.125500000000946965e+00 1.668963824456346867e-04
3.158750000000987601e+00 1.422307443595384883e-06
3.192000000001028237e+00 -1.640905574269852494e-04
3.225250000001068873e+00 -3.251282638639044621e-04
3.258500000001109509e+00 -4.772989122880572956e-04
3.291750000001150145e+00 -6.164524298900801030e-04
3.325000000001190781e+00 -7.387937534583223845e-04
3.358250000001231417e+00 -8.409863302103650750e-04
3.391500000001272053e+00 -9.202431139024718236e-04
3.424750000001312689e+00 -9.744025745262966266e-04
3.458000000001353325e+00 -1.001987648618994859e-03
3.491250000001393961e+00 -1.002246022464866812e-03
3.524500000001434596e+00 -9.751706495652386498e-04
3.557750000001475232e+00 -9.214999428140398328e-04
3.591000000001515868e+00 -8.426976361379780135e-04
3.624250000001556504e+00 -7.409128648245620445e-04
3.657500000001597140e+00 -6.189215532469187963e-04
3.690750000001637776e+00 -4.800507084882133955e-04
3.724000000001678412e+00 -3.280876845672055665e-04
3.757250000001719048e+00 -1.671768918556340491e-04
3.790500000001759684e+00 -1.706768679029897195e-06
3.823750000001800320e+00 1.638099023329161531e-04
3.857000000001840956e+00 3.248590690750409221e-04
3.890250000001881592e+00 4.770485194171562491e-04
3.923500000001922228e+00 6.162276677747388328e-04
3.956750000001962864e+00 7.386007519215595854e-04
3.990000000002003500e+00 8.408303528850703248e-04
4.023250000001961091e+00 9.201284146788507026e-04
4.056500000001883599e+00 9.743322815381046326e-04
4.089750000001806107e+00 1.001963678931386183e-03
4.123000000001728615e+00 1.002269029791151393e-03
4.156250000001651124e+00 9.752400064384847758e-04
4.189500000001573632e+00 9.216137576996584957e-04
4.222750000001496140e+00 8.428528050205754286e-04
4.256000000001418648e+00 7.411051558621736856e-04
4.289250000001341157e+00 6.191457221838833147e-04
4.322500000001263665e+00 4.803006416790820137e-04
4.355750000001186173e+00 3.283565657110969161e-04
4.389000000001108681e+00 1.674573878937315726e-04
4.422250000001031189e+00 1.991229785378397607e-06
4.455500000000953698e+00 -1.635292341215928121e-04
4.488750000000876206e+00 -3.245898482803583019e-04
4.522000000000798714e+00 -4.767980883611772189e-04
4.555250000000721222e+00 -6.160028563365522753e-04
4.588500000000643730e+00 -7.384076912694629560e-04
4.621750000000566239e+00 -8.406743082643161136e-04
4.655000000000488747e+00 -9.200136418154615785e-04
4.688250000000411255e+00 -9.742619105741863938e-04
4.721500000000333763e+00 -1.001939629058497001e-03
4.754750000000256271e+00 -1.002291956909260803e-03
4.788000000000178780e+00 -9.753092852679452751e-04
4.821250000000101288e+00 -9.217274988341383904e-04
4.854500000000023796e+00 -8.430079064558821441e-04
4.887749999999946304e+00 -7.412973875956382300e-04
4.920999999999868812e+00 -6.193698415770655620e-04
4.954249999999791321e+00 -4.805505364376009354e-04
4.987499999999713829e+00 -3.286254205821212459e-04
5.020749999999636337e+00 -1.677378705349110539e-04
5.053999999999558845e+00 -2.275690736096584984e-06
5.087249999999481354e+00 1.632485528203785378e-04
5.120499999999403862e+00 3.243206015072187202e-04
5.153749999999326370e+00 4.765476191466066136e-04
5.186999999999248878e+00 6.157779956002364455e-04
5.220249999999171386e+00 7.382145715240545939e-04
5.253499999999093895e+00 8.405181963665539361e-04
5.286749999999016403e+00 9.198987953258439682e-04
5.319999999998938911e+00 9.741914616426950021e-04
5.353249999998861419e+00 1.001915499003062319e-03
5.386499999998783927e+00 1.002314803816628302e-03
5.419749999998706436e+00 9.753784860460140357e-04
5.452999999998628944e+00 9.218411662052342125e-04
5.486249999998551452e+00 8.431629404275249725e-04
5.519499999998473960e+00 7.414895600050550387e-04
5.552749999998396468e+00 6.195939114037376247e-04
5.585999999998318977e+00 4.808003927389502795e-04
5.619249999998241485e+00 3.288942491541329660e-04
5.652499999998163993e+00 1.680183397524813872e-04
5.685749999998086501e+00 2.560151504693762668e-06
5.718999999998009010e+00 -1.629678584548197083e-04
5.752249999997931518e+00 -3.240513287795662939e-04
5.785499999997854026e+00 -4.762971117952091412e-04
5.818749999997776534e+00 -6.155530855848535690e-04
5.851999999997699042e+00 -7.380213927013128204e-04
5.885249999997621551e+00 -8.403620172043708373e-04
5.918499999997544059e+00 -9.197838752191871354e-04
5.951749999997466567e+00 -9.741209347492701520e-04
5.984999999997389075e+00 -1.001891288767012668e-03
6.018249999997311583e+00 -1.002337570511425925e-03
6.051499999997234092e+00 -9.754476087671541456e-04
6.084749999997156600e+00 -9.219547598038511319e-04
6.117999999997079108e+00 -8.433179069230932684e-04
6.151249999997001616e+00 -7.416816730750475225e-04
6.184499999996924124e+00 -6.198179316459707022e-04
6.217749999996846633e+00 -4.810502105631281962e-04
6.250999999996769141e+00 -3.291630514056219392e-04
6.284249999996691649e+00 -1.682987955239903174e-04
6.317499999996614157e+00 -2.844612068408869994e-06
6.350749999996536665e+00 1.626871510473759240e-04
6.383999999996459174e+00 3.237820301189570766e-04
6.417249999996381682e+00 4.760465663270290436e-04
6.450499999996304190e+00 6.153281263084109430e-04
6.483749999996226698e+00 7.378281548166926119e-04
6.516999999996149207e+00 8.402057707902634400e-04
6.550249999996071715e+00 9.196688815046908608e-04
6.583499999995994223e+00 9.740503298995547904e-04
6.616749999995916731e+00 1.001866998352285518e-03
6.649999999995839239e+00 1.002360256991831344e-03
6.683249999995761748e+00 9.755166534258346558e-04
6.716499999995684256e+00 9.220682796208956198e-04
6.749749999995606764e+00 8.434728059301874453e-04
6.782999999995529272e+00 7.418737267902414780e-04
6.816249999995451780e+00 6.200419022858340420e-04
6.849499999995374289e+00 4.812999898901488822e-04
6.882749999995296797e+00 3.294318273150697337e-04
6.915999999995219305e+00 1.685792378269972179e-04
6.949249999995141813e+00 3.129072404477289605e-06
6.982499999995064321e+00 -1.624064306205150253e-04
7.015749999994986830e+00 -3.235127055469354121e-04
7.048999999994909338e+00 -4.757959827621136527e-04
7.082249999994831846e+00 -6.151031177889000352e-04
7.115499999994754354e+00 -7.376348578856655337e-04
7.148749999994676863e+00 -8.400494571367417024e-04
7.181999999994599371e+00 -9.195538141915548169e-04
7.215249999994521879e+00 -9.739796470991986949e-04
7.248499999994444387e+00 -1.001842627760824627e-03
7.281749999994366895e+00 -1.002382863256028739e-03
7.314999999994289404e+00 -9.755856200165273278e-04
7.348249999994211912e+00 -9.221817256472856399e-04
7.381499999994134420e+00 -8.436276374364130122e-04
7.414749999994056928e+00 -7.420657211352698571e-04
7.447999999993979436e+00 -6.202658233053986265e-04
7.481249999993901945e+00 -4.815497307000137406e-04
7.514499999993824453e+00 -3.297005768609738560e-04
7.547749999993746961e+00 -1.688596666390626002e-04
7.580999999993669469e+00 -3.413532490137994717e-06
7.614249999993591977e+00 1.621256971967093789e-04
7.647499999993514486e+00 3.232433550850649434e-04
7.680749999993436994e+00 4.755453611205195702e-04
7.713999999993359502e+00 6.148780600443335635e-04
7.747249999993282010e+00 7.374415019236907906e-04
7.780499999993204518e+00 8.398930762563071263e-04
7.813749999993127027e+00 9.194386732889919030e-04
7.846999999993049535e+00 9.739088863538591240e-04
7.880249999992972043e+00 1.001818176994580690e-03
7.913499999992894551e+00 1.002405389302209659e-03
7.946749999992817060e+00 9.756545085337166084e-04
7.979999999992739568e+00 9.222950978739385052e-04
8.013249999992755335e+00 8.437824014291209077e-04
8.046499999992914098e+00 7.422576560936518112e-04
8.079749999993072862e+00 6.204896946845289783e-04
8.112999999993231626e+00 4.817994329692309834e-04
8.146249999993390389e+00 3.299693000169167984e-04
8.179499999993549153e+00 1.691400819314585490e-04
8.212749999993707917e+00 3.697992295063606777e-06
8.245999999993866680e+00 -1.618449508070354175e-04
8.279249999994025444e+00 -3.229739787642789883e-04
8.312499999994184208e+00 -4.752947014320880515e-04
8.345749999994342971e+00 -6.146529531024426006e-04
8.378999999994501735e+00 -7.372480869554009142e-04
8.412249999994660499e+00 -8.397366281695316887e-04
8.445499999994819262e+00 -9.193234588126226537e-04
8.478749999994978026e+00 -9.738380476734375540e-04
8.511999999995136790e+00 -1.001793646057081268e-03
8.545249999995295553e+00 -1.002427835127045605e-03
8.578499999995454317e+00 -9.757233189669198888e-04
8.611749999995613081e+00 -9.224083962831357503e-04
8.644999999995771844e+00 -8.439370978842372899e-04
8.678249999995930608e+00 -7.424495316371146000e-04
8.711499999996089372e+00 -6.207135163920958097e-04
8.744749999996248135e+00 -4.820490966651468263e-04
8.777999999996406899e+00 -3.302379967500032707e-04
8.811249999996565663e+00 -1.694204836721810155e-04
8.844499999996724426e+00 -3.982451789166151350e-06
8.877749999996883190e+00 1.615641914788700049e-04
8.910999999997041954e+00 3.227045766086145801e-04
8.944249999997200717e+00 4.750440037170970925e-04
8.977499999997359481e+00 6.144277969795739879e-04
9.010749999997518245e+00 7.370546129932404851e-04
9.043999999997677008e+00 8.395801128851868023e-04
9.077249999997835772e+00 9.192081707679488527e-04
9.110499999997994536e+00 9.737671310607280825e-04
9.143749999998153299e+00 1.001769034949097229e-03
9.176999999998312063e+00 1.002450200730034807e-03
9.210249999998470827e+00 9.757920513151507620e-04
9.243499999998629590e+00 9.225216208741828352e-04
9.276749999998788354e+00 8.440917268013340075e-04
9.309999999998947118e+00 7.426413477643433033e-04
9.343249999999105881e+00 6.209372884256351630e-04
9.376499999999264645e+00 4.822987217839764824e-04
9.409749999999423409e+00 3.305066670550312166e-04
9.442999999999582172e+00 1.697008718546379148e-04
9.476249999999740936e+00 4.266910964556647322e-06
9.509499999999899700e+00 -1.612834192211640161e-04
9.542750000000058463e+00 -3.224351486277776051e-04
9.576000000000217227e+00 -4.747932679856061919e-04
9.609250000000375991e+00 -6.142025916856959887e-04
9.642500000000534754e+00 -7.368610800465819977e-04
9.675750000000693518e+00 -8.394235304115040550e-04
9.709000000000852282e+00 -9.190928091615208160e-04
9.742250000001011045e+00 -9.736961365200564591e-04
9.775500000001169809e+00 -1.001744343672232758e-03
9.808750000001328573e+00 -1.002472486109631626e-03
9.842000000001487336e+00 -9.758607055733702898e-04
9.875250000001646100e+00 -9.226347716383060706e-04
9.908500000001804864e+00 -8.442462881680403135e-04
9.941750000001963627e+00 -7.428331044599779205e-04
9.975000000002122391e+00 -6.211610107672281035e-04
1.000825000000228115e+01 -4.825483083057304618e-04
1.004150000000243992e+01 -3.307753109105063824e-04
1.007475000000259868e+01 -1.699812464563976190e-04
1.010800000000275745e+01 -4.551369798484882402e-06
1.014125000000291621e+01 1.610026340563798432e-04
1.017450000000307497e+01 3.221656948433231408e-04
1.020775000000323374e+01 4.745424942576935271e-04
1.024100000000339250e+01 6.139773372388423545e-04
1.027425000000355126e+01 7.366674881309084010e-04
1.030750000000371003e+01 8.392668807610102104e-04
1.034075000000386879e+01 9.189773740025645619e-04
1.037400000000402756e+01 9.736250640571021686e-04
1.040725000000418632e+01 1.001719572228463272e-03
1.044050000000434508e+01 1.002494691264051684e-03
1.047375000000450385e+01 9.759292817360808083e-04
1.050700000000466261e+01 9.227478485664533442e-04
1.054025000000482137e+01 8.444007819719910992e-04
1.057350000000498014e+01 7.430248017086821949e-04
1.060675000000513890e+01 6.213846833989760798e-04
1.064000000000529766e+01 4.827978562104413927e-04
1.067325000000545643e+01 3.310439282949165164e-04
1.070650000000561519e+01 1.702616074550083341e-04
1.073975000000577396e+01 4.835828268172089972e-06
1.077300000000593272e+01 -1.607218360069808815e-04
1.080625000000609148e+01 -3.218962152768079996e-04
1.083950000000625025e+01 -4.742916825534214463e-04
1.087275000000640901e+01 -6.137520336570340433e-04
1.090600000000656777e+01 -7.364738372617223765e-04
1.093925000000672654e+01 -8.391101639462494877e-04
1.097250000000688530e+01 -9.188618653003239982e-04
1.100575000000704406e+01 -9.735539136775514177e-04
1.103900000000720283e+01 -1.001694720619770258e-03
1.107225000000736159e+01 -1.002516816191518188e-03
1.110550000000752036e+01 -9.759977797977962546e-04
1.113875000000767912e+01 -9.228608516495697247e-04
1.117200000000783788e+01 -8.445552082008149671e-04
1.120525000000799665e+01 -7.432164394951053417e-04
1.123850000000815541e+01 -6.216083063029852022e-04
1.127175000000831417e+01 -4.830473654781449388e-04
1.130500000000847294e+01 -3.313125191867782068e-04
1.133825000000863170e+01 -1.705419548280406275e-04
1.137150000000879047e+01 -5.120286350860969770e-06
1.140475000000894923e+01 1.604410250954528062e-04
1.143800000000910799e+01 3.216267099498113283e-04
1.147125000000926676e+01 4.740408328928557126e-04
1.150450000000942552e+01 6.135266809582959162e-04
1.153775000000958428e+01 7.362801274545113187e-04
1.157100000000974305e+01 8.389533799797593838e-04
1.160425000000990181e+01 9.187462830640402136e-04
1.163750000001006057e+01 9.734826853871013635e-04
1.167075000001021934e+01 1.001669788848143878e-03
1.170400000001037810e+01 1.002538860890261072e-03
1.173725000001053687e+01 9.760661997530365288e-04
1.177050000001069563e+01 9.229737808786171943e-04
1.180375000001085439e+01 8.447095668421572166e-04
1.183700000001101316e+01 7.434080178039162001e-04
1.187025000001117192e+01 6.218318794613480289e-04
1.190350000001133068e+01 4.832968360888609347e-04
1.193675000001148945e+01 3.315810835645835388e-04
1.197000000001164821e+01 1.708222885530660698e-04
1.200325000001180697e+01 5.404744023794251178e-06
1.203650000001196574e+01 -1.601602013442610724e-04
1.206975000001212450e+01 -3.213571788838942762e-04
1.210300000001228327e+01 -4.737899452960835024e-04
1.213625000001244203e+01 -6.133012791606733257e-04
1.216950000001260079e+01 -7.360863587247871249e-04
1.220275000001275956e+01 -8.387965288740832507e-04
1.223600000001291832e+01 -9.186306273029598264e-04
1.226925000001307708e+01 -9.734113791914490547e-04
1.230250000001323585e+01 -1.001644776915578848e-03
1.233575000001339461e+01 -1.002560825358515253e-03
1.236900000001355338e+01 -9.761345415963226151e-04
1.240225000001371214e+01 -9.230866362445531818e-04
1.243550000001387090e+01 -8.448638578836691103e-04
1.246875000001402967e+01 -7.435995366197879460e-04
1.250200000001418843e+01 -6.220554028561837891e-04
1.253525000001434719e+01 -4.835462680226311699e-04
1.256850000001450596e+01 -3.318496214068467152e-04
1.260175000001466472e+01 -1.711026086076362278e-04
1.263500000001482348e+01 -5.689201264193261600e-06
1.266825000001498225e+01 1.598793647758721924e-04
1.270150000001514101e+01 3.210876221006198896e-04
1.273475000001529978e+01 4.735390197831701453e-04
1.276800000001545854e+01 6.130758282821992646e-04
1.280125000001561730e+01 7.358925310880518262e-04
1.283450000001577607e+01 8.386396106417812451e-04
1.286775000001593483e+01 9.185148980263444169e-04
1.290100000001609359e+01 9.733399950963043338e-04
1.293425000001625236e+01 1.001619684824076170e-03
1.296750000001641112e+01 1.002582709594524108e-03
1.300075000001656989e+01 9.762028053221889420e-04
1.303400000001672865e+01 9.231994177383515956e-04
1.306725000001688741e+01 8.450180813129990918e-04
1.310050000001704618e+01 7.437909959273890934e-04
1.313375000001720494e+01 6.222788764695877514e-04
1.316700000001736370e+01 4.837956612594943441e-04
1.320025000001752247e+01 3.321181326920772769e-04
1.323350000001768123e+01 1.713829149693248675e-04
1.326675000001783999e+01 5.973658049300799876e-06
1.330000000001799876e+01 -1.595985154127748773e-04
1.333325000001815752e+01 -3.208180396215735497e-04
1.336650000001831629e+01 -4.732880563742091059e-04
1.339975000001847505e+01 -6.128503283409103032e-04
1.343300000001863381e+01 -7.356986445598117904e-04
1.346625000001879258e+01 -8.384826252954032241e-04
1.349950000001895134e+01 -9.183990952434496020e-04
1.353275000001911010e+01 -9.732685331073761756e-04
1.356600000001926887e+01 -1.001594512575644438e-03
1.359925000001942763e+01 -1.002604513596534481e-03
1.363250000001958639e+01 -9.762709909251672275e-04
1.366575000001974516e+01 -9.233121253509782127e-04
1.369900000001990392e+01 -8.451722371177973394e-04
1.373225000002006269e+01 -7.439823957113880478e-04
1.376550000002022145e+01 -6.225023002836984438e-04
1.379875000002038021e+01 -4.840450157794983724e-04
1.383200000002053898e+01 -3.323866173987938722e-04
1.386525000002069774e+01 -1.716632076157068932e-04
1.389850000002085650e+01 -6.258114356359697880e-06
1.393175000002101527e+01 1.593176532774306518e-04
1.396500000002117403e+01 3.205484314683158093e-04
1.399825000002133280e+01 4.730370550892718938e-04
1.403150000002149156e+01 6.126247793548579741e-04
1.406475000002165032e+01 7.355046991555883474e-04
1.409800000002180909e+01 8.383255728475239813e-04
1.413125000002196785e+01 9.182832189635514904e-04
1.416450000002212661e+01 9.731969932303890592e-04
1.419775000002228538e+01 1.001569260172299400e-03
1.423100000002244414e+01 1.002626237362803626e-03
1.426425000002260290e+01 9.763390983998078377e-04
1.429750000002276167e+01 9.234247590734248308e-04
1.433075000002292043e+01 8.453263252857427627e-04
1.436400000002307920e+01 7.441737359564866081e-04
1.439725000002323796e+01 6.227256742806245790e-04
1.443050000002339672e+01 4.842943315626819004e-04
1.446375000002355549e+01 3.326550755055036022e-04
1.449700000002371425e+01 1.719434865243441718e-04
1.453025000002387301e+01 6.542570162598537852e-06
1.456350000002403178e+01 -1.590367783923372805e-04
1.459675000002419054e+01 -3.202787976624428372e-04
1.463000000002434930e+01 -4.727860159484641167e-04
1.466325000002450807e+01 -6.123991813421037845e-04
1.469650000002466683e+01 -7.353106948909120429e-04
1.472975000002482560e+01 -8.381684533106963011e-04
1.476300000002498436e+01 -9.181672691959116622e-04
1.479625000002514312e+01 -9.731253754710607416e-04
1.482950000002530189e+01 -1.001543927616059190e-03
1.486275000002546065e+01 -1.002647880891592265e-03
1.489600000002561941e+01 -9.764071277406566936e-04
1.492925000002577818e+01 -9.235373188966720806e-04
1.496250000002593694e+01 -8.454803458044961653e-04
1.499575000002609571e+01 -7.443650166473631544e-04
1.502900000002625447e+01 -6.229489984424788811e-04
1.506225000002641323e+01 -4.845436085890802666e-04
1.509550000002657200e+01 -3.329235069907090692e-04
1.512875000002673076e+01 -1.722237516727927154e-04
1.516200000002688952e+01 -6.827025445238798812e-06
1.519525000002704829e+01 1.587558907799442804e-04
1.522850000002720705e+01 3.200091382255056995e-04
1.526175000002736581e+01 4.725349389718507247e-04
1.529500000002752458e+01 6.121735343206793174e-04
1.532825000002768334e+01 7.351166317812890278e-04
1.536150000002784211e+01 8.380112666975020243e-04
1.539475000002800087e+01 9.180512459498152249e-04
1.542800000002815963e+01 9.730536798351264354e-04
1.546125000002831840e+01 1.001518514908952785e-03
1.549450000002847716e+01 1.002669444181168061e-03
1.552775000002863592e+01 9.764750789422661130e-04
1.556100000002879469e+01 9.236498048117062305e-04
1.559425000002895345e+01 8.456342986617242053e-04
1.562750000002911221e+01 7.445562377686998617e-04
1.566075000002927098e+01 6.231722727514118045e-04
1.569400000002942974e+01 4.847928468387696296e-04
1.572725000002958851e+01 3.331919118329552129e-04
1.576050000002974727e+01 1.725040030386517146e-04
1.579375000002990603e+01 7.111480181544867084e-06
1.582700000003006480e+01 -1.584749904627443472e-04
1.586025000003022356e+01 -3.197394531790980713e-04
1.589350000003038232e+01 -4.722838241795372714e-04
1.592675000003054109e+01 -6.119478383086535611e-04
1.596000000003069985e+01 -7.349225098422594972e-04
1.599325000003085862e+01 -8.378540130205283046e-04
1.602650000003101738e+01 -9.179351492345528152e-04
1.605975000003117614e+01 -9.729819063283273164e-04
1.609300000003133491e+01 -1.001493022053015014e-03
1.612625000003149367e+01 -1.002690927229804097e-03
1.615950000003165243e+01 -9.765429519992052188e-04
1.619275000003181120e+01 -9.237622168095368591e-04
1.622600000003196996e+01 -8.457881838451217302e-04
1.625925000003212872e+01 -7.447473993052134908e-04
1.629250000003228749e+01 -6.233954971895439880e-04
1.632575000003244625e+01 -4.850420462917915624e-04
1.635900000003260502e+01 -3.334602900107489724e-04
1.639225000003276378e+01 -1.727842405994794311e-04
1.642550000003292254e+01 -7.395934348738305544e-06
1.645875000003308131e+01 1.581940774632172204e-04
1.649200000003324007e+01 3.194697425448156337e-04
1.652525000003339883e+01 4.720326715916324002e-04
1.655850000003355760e+01 6.117220933240997320e-04
1.659175000003371636e+01 7.347283290893680914e-04
1.662500000003387512e+01 8.376966922923437557e-04
1.665825000003403389e+01 9.178189790594040113e-04
1.669150000003419265e+01 9.729100549563997899e-04
1.672475000003435142e+01 1.001467449050283528e-03
1.675800000003451018e+01 1.002712330035783863e-03
1.679125000003466894e+01 9.766107469060386886e-04
1.682450000003482771e+01 9.238745548811621612e-04
1.685775000003498647e+01 8.459420013423660234e-04
1.689100000003514523e+01 7.449385012415961913e-04
1.692425000003530400e+01 6.236186717390115744e-04
1.695750000003546276e+01 4.852912069281907275e-04
1.699075000003562153e+01 3.337286415025992378e-04
1.702400000003578029e+01 1.730644643328350485e-04
1.705725000003593905e+01 7.680387924040723657e-06
1.709050000003609782e+01 -1.579131518038577370e-04
1.712375000003625658e+01 -3.192000063442155242e-04
1.715700000003641534e+01 -4.717814812282100059e-04
1.719025000003657411e+01 -6.114962993850609060e-04
1.722350000003673287e+01 -7.345340895381352727e-04
1.725675000003689163e+01 -8.375393045255463730e-04
1.729000000003705040e+01 -9.177027354336710508e-04
1.732325000003720916e+01 -9.728381257250977169e-04
1.735650000003736793e+01 -1.001441795902805951e-03
1.738975000003752669e+01 -1.002733652597393018e-03
1.742300000003768545e+01 -9.766784636573411747e-04
1.745625000003784422e+01 -9.239868190175862944e-04
1.748950000003800298e+01 -8.460957511411398976e-04
1.752275000003816174e+01 -7.451295435625447747e-04
1.755600000003832051e+01 -6.238417963819431174e-04
1.758925000003847927e+01 -4.855403287280525538e-04
1.762250000003863803e+01 -3.339969662870575628e-04
1.765575000003879680e+01 -1.733446742163212266e-04
1.768900000003895556e+01 -7.964840884716646658e-06
1.772225000003911433e+01 1.576322135071193985e-04
1.775550000003927309e+01 3.189302445988975439e-04
1.778875000003943185e+01 4.715302531093847494e-04
1.782200000003959062e+01 6.112704565096183226e-04
1.785525000003974938e+01 7.343397912041151141e-04
1.788850000003990814e+01 8.373818497327313332e-04
1.792175000004006691e+01 9.175864183666627852e-04
1.795500000004022567e+01 9.727661186401811381e-04
1.798825000004038444e+01 1.001416062612636628e-03
1.802150000004054320e+01 1.002754894912924162e-03
1.805475000004070196e+01 9.767461022476900401e-04
1.808800000004086073e+01 9.240990092098366184e-04
1.812125000004101949e+01 8.462494332291545717e-04
1.815450000004117825e+01 7.453205262527900967e-04
1.818775000004133702e+01 6.240648711005051174e-04
1.822100000004149578e+01 4.857894116714279922e-04
1.825425000004165454e+01 3.342652643426370120e-04
1.828750000004181331e+01 1.736248702274993986e-04
1.832075000004197207e+01 8.249293207987779726e-06
1.835400000004213084e+01 -1.573512625954990478e-04
1.838725000004228960e+01 -3.186604573304636077e-04
1.842050000004244836e+01 -4.712789872552743272e-04
1.845375000004260713e+01 -6.110445647158565825e-04
1.848700000004276589e+01 -7.341454341028665672e-04
1.852025000004292465e+01 -8.372243279265073656e-04
1.855350000004308342e+01 -9.174700278676758145e-04
1.858675000004324218e+01 -9.726940337074049987e-04
1.862000000004340095e+01 -1.001390249181832075e-03
1.865325000004355971e+01 -1.002776056980679434e-03
1.868650000004371847e+01 -9.768136626716792358e-04
1.871975000004387724e+01 -9.242111254489288920e-04
1.875300000004403600e+01 -8.464030475941033754e-04
1.878625000004419476e+01 -7.455114492970385098e-04
1.881950000004435353e+01 -6.242878958768340427e-04
1.885275000004451229e+01 -4.860384557383834979e-04
1.888600000004467105e+01 -3.345335356478531435e-04
1.891925000004482982e+01 -1.739050523439322174e-04
1.895250000004498858e+01 -8.533744871075875474e-06
1.898575000004514735e+01 1.570702990914945305e-04
1.901900000004530611e+01 3.183906445604768706e-04
1.905225000004546487e+01 4.710276836859617414e-04
1.908550000004562364e+01 6.108186240218309044e-04
1.911875000004578240e+01 7.339510182499240807e-04
1.915200000004594116e+01 8.370667391194646593e-04
1.918525000004609993e+01 9.173535639460304826e-04
1.921850000004625869e+01 9.726218709325419164e-04
1.925175000004641745e+01 1.001364355612459865e-03
1.928500000004657622e+01 1.002797138798964659e-03
1.931825000004673498e+01 9.768811449238985929e-04
1.935150000004689375e+01 9.243231677258853789e-04
1.938475000004705251e+01 8.465565942236854928e-04
1.941800000004721127e+01 7.457023126800014622e-04
1.945125000004737004e+01 6.245108706930709149e-04
1.948450000004752880e+01 4.862874609089763646e-04
1.951775000004768756e+01 3.348017801812637993e-04
1.955100000004784633e+01 1.741852205432255414e-04
1.958425000004800509e+01 8.818195851245617532e-06
1.961750000004816386e+01 -1.567893230175623840e-04
1.965075000004832262e+01 -3.181208063105433678e-04
1.968400000004848138e+01 -4.707763424215705974e-04
1.971725000004864015e+01 -6.105926344456336953e-04
1.975050000004879891e+01 -7.337565436608558221e-04
1.978375000004895767e+01 -8.369090833242225688e-04
1.981700000004911644e+01 -9.172370266110471335e-04
1.985025000004927520e+01 -9.725496303213705803e-04
1.988350000004943396e+01 -1.001338381906593210e-03
1.991675000004959273e+01 -1.002818140366091085e-03
1.995000000004975149e+01 -9.769485489989444479e-04
1.998325000004991026e+01 -9.244351360317508946e-04
